(4193, 2)
299.5
388.5
209.0
276.0
262.0
227.0
149.0
349.0
233.0
279.0
157.0
363.0
298.0
231.0
205.0
315.0
337.0
95.0
142.0
301.0
102.0
322.0
391.0
186.0
281.0
350.0
319.0
350.0
369.0
201.0
255.0
403.0
345.0
251.0
139.0
244.0
17.0
244.0
313.0
257.0
304.0
211.0
402.0
147.0
316.0
267.0
114.0
382.0
321.0
156.0
249.666666667
314.666666667
303.0
217.0
210.0
182.0
299.0
218.0
229.5
486.5
225.0
371.0
388.0
92.0
248.0
292.0
258.0
443.0
187.0
235.0
353.0
351.0
132.0
442.0
461.0
216.0
357.0
293.0
217.0
463.0
376.333333333
432.0
328.5
417.5
288.5
432.5
394.0
134.0
302.0
95.0
183.0
278.0
337.0
342.0
426.0
282.0
202.0
480.0
138.0
468.0
373.0
213.0
430.0
206.0
309.0
277.0
307.5
384.0
371.0
20.0
88.0
436.0
208.0
300.0
140.0
443.0
274.0
211.0
177.0
311.0
330.0
269.0
319.0
153.0
409.0
167.0
333.666666667
327.333333333
165.0
323.0
392.0
180.0
274.0
398.0
294.0
314.0
284.0
303.0
337.0
273.0
270.0
397.0
51.0
426.0
146.0
367.0
317.0
358.0
294.0
238.0
159.0
422.0
371.0
53.0
122.0
326.0
218.0
242.0
179.0
328.0
35.0
279.0
211.0
393.0
179.0
454.0
158.0
161.0
314.0
116.0
486.0
227.0
286.0
278.0
239.0
279.0
238.0
200.0
272.0
365.0
221.0
335.0
185.0
388.0
266.0
376.0
231.0
319.0
113.0
266.0
319.0
85.0
268.0
194.0
218.0
222.0
351.0
224.0
243.5
436.0
262.5
432.5
335.333333333
283.666666667
191.0
227.0
373.0
128.0
236.0
223.0
277.0
255.0
399.0
107.0
295.0
237.0
193.0
344.0
383.0
69.0
439.0
69.0
415.0
194.0
143.0
383.0
311.0
135.0
288.666666667
278.333333333
426.0
108.0
311.0
253.0
217.0
296.0
250.0
140.0
425.0
155.0
368.0
196.0
349.0
66.0
370.0
133.0
358.0
147.0
179.0
98.0
154.0
305.0
160.0
439.0
377.0
236.0
392.0
93.0
162.0
477.0
351.0
40.0
220.0
112.0
437.0
242.0
212.0
327.0
185.0
161.0
343.0
354.0
447.0
178.0
132.0
410.0
20.0
321.0
195.0
365.0
145.0
296.0
318.0
231.0
226.0
198.0
124.0
373.0
281.0
322.0
414.0
128.0
389.0
86.0
311.0
70.0
303.0
285.0
279.0
431.0
346.0
169.0
341.0
195.0
310.0
401.0
364.0
166.0
100.0
251.0
171.0
313.0
339.0
366.0
254.0
365.0
345.0
208.0
71.0
238.0
302.0
265.0
355.0
182.0
182.0
282.0
247.0
158.0
300.0
280.0
373.0
209.0
421.0
224.0
243.0
237.0
352.0
162.0
260.5
367.5
272.0
243.0
371.0
225.0
235.0
444.0
394.0
317.0
446.0
155.0
156.0
275.0
354.0
103.0
219.0
367.0
268.0
402.0
205.0
353.0
259.0
374.0
157.0
384.0
151.0
243.0
184.0
185.0
268.0
339.0
196.0
356.0
293.0
334.0
122.0
269.0
229.0
375.0
294.0
298.0
187.0
373.0
261.0
437.0
422.0
172.0
205.5
378.5
157.0
297.0
370.0
128.0
301.0
203.0
224.0
262.0
397.0
263.0
439.0
125.0
413.0
239.0
320.0
326.0
415.0
279.0
278.0
200.0
340.0
301.0
212.0
395.0
373.5
244.5
282.0
219.0
479.0
279.0
217.0
302.0
291.0
196.0
378.0
81.0
258.0
272.0
292.0
268.0
461.0
65.0
354.0
192.0
325.5
427.0
309.5
409.0
309.5
375.0
160.0
366.0
395.0
210.0
277.0
337.0
224.0
469.0
421.0
171.0
390.0
290.0
225.0
390.0
278.0
288.0
299.0
226.0
231.0
481.0
306.0
468.0
306.5
420.0
371.0
251.0
96.0
351.0
194.0
334.0
223.0
394.0
224.0
417.0
224.0
363.0
267.0
293.0
314.0
253.0
179.0
439.0
173.0
402.0
405.0
107.0
262.0
410.0
368.0
269.0
260.0
285.5
229.0
69.0
329.0
129.0
146.0
192.0
179.0
421.0
132.0
437.0
249.0
505.0
340.0
158.0
239.0
345.0
316.0
60.0
322.0
203.0
101.0
312.0
182.0
309.0
78.0
382.0
219.0
128.0
116.5
511.5
68.0
343.0
205.0
199.0
218.0
261.0
404.0
282.0
367.0
311.0
356.0
96.0
398.0
69.0
160.0
404.0
264.0
313.0
327.0
77.0
229.0
330.0
217.0
308.0
156.5
509.0
191.0
217.0
84.0
364.0
193.0
355.0
118.0
227.0
454.0
142.0
507.0
186.0
26.0
438.0
291.0
306.0
207.0
339.0
436.0
337.0
265.0
116.0
86.0
124.0
55.0
493.0
350.0
50.0
127.0
360.0
357.0
180.0
539.0
197.0
162.0
212.0
174.0
505.0
406.0
89.0
356.0
250.0
151.0
465.0
377.0
224.5
212.0
354.0
406.0
57.0
361.0
106.0
106.0
298.0
255.0
633.0
201.0
340.0
322.0
284.0
382.0
237.0
283.0
254.0
184.0
339.0
10.0
179.0
428.0
252.0
75.0
408.0
207.0
370.0
242.0
310.0
352.0
289.0
157.0
378.0
224.0
155.0
46.0
351.0
345.0
154.0
223.0
354.0
227.0
126.0
177.0
326.0
367.0
310.0
142.0
230.0
418.0
309.0
218.0
373.0
312.0
306.0
65.0
370.0
389.333333333
298.333333333
187.0
518.0
251.0
5.0
140.0
402.0
358.0
211.0
240.0
272.0
376.0
172.0
468.0
145.0
263.0
284.0
199.0
388.0
259.0
175.0
275.0
372.5
172.0
434.0
233.0
153.0
218.0
490.0
167.0
363.0
117.0
381.0
134.0
344.0
248.0
383.0
381.0
169.0
195.0
206.0
468.0
143.0
418.0
131.0
243.0
199.0
248.0
200.0
78.0
323.0
178.0
253.0
217.0
137.0
70.0
327.0
84.0
399.0
103.0
301.0
309.0
170.0
412.0
230.0
194.0
171.0
242.0
324.0
232.0
171.0
105.0
78.0
330.0
259.0
85.0
271.0
243.0
271.0
359.0
148.0
297.0
261.0
127.0
149.0
283.0
242.0
260.0
252.0
377.0
76.0
195.0
336.0
383.5
240.0
285.0
370.5
286.0
363.0
362.0
295.0
213.0
193.0
447.0
140.0
186.0
343.0
230.0
340.0
359.0
223.0
384.0
189.0
454.0
183.0
144.0
406.0
231.0
460.0
254.5
434.0
487.0
358.5
294.0
393.5
368.0
250.0
283.0
260.0
290.0
211.0
407.0
130.0
188.0
416.0
232.0
361.0
394.0
306.0
119.0
392.0
346.0
190.0
243.0
341.0
315.0
307.0
318.0
334.0
248.0
277.25
111.0
253.0
228.0
27.0
244.0
143.0
363.0
193.0
166.0
452.0
217.5
420.0
238.0
242.0
188.0
359.0
322.0
207.0
375.0
127.0
389.0
179.0
271.0
272.0
291.0
296.0
118.0
288.0
363.0
153.0
206.0
378.5
261.0
322.0
282.0
235.0
310.0
123.0
412.0
5.0
351.0
18.0
114.0
354.0
116.0
369.0
192.0
434.0
156.0
246.0
352.0
367.0
152.0
434.0
83.0
420.0
375.0
138.0
186.0
382.0
242.0
391.0
348.0
408.0
343.0
347.0
218.0
161.0
410.0
91.0
200.0
432.0
498.0
247.0
120.0
353.0
138.0
374.0
65.0
408.0
291.0
89.0
369.0
173.0
139.0
456.0
373.0
84.0
303.0
211.0
65.0
244.0
264.0
214.0
39.0
251.0
344.0
113.0
278.0
475.0
311.0
297.0
419.0
218.0
250.0
277.0
82.0
395.0
352.0
182.0
318.0
409.0
135.0
169.0
348.0
205.0
334.0
569.0
148.0
319.0
410.0
30.0
208.0
370.0
306.0
326.0
276.0
213.0
76.0
260.0
310.0
194.0
273.0
187.0
149.0
356.0
179.0
274.0
378.0
200.0
318.0
208.0
380.0
91.0
265.0
379.0
287.0
392.0
176.0
455.0
403.0
296.0
447.0
223.0
190.0
231.0
169.0
402.0
247.0
329.0
102.0
215.0
429.0
223.0
105.0
341.0
261.0
437.0
229.0
352.0
174.0
422.0
238.0
203.0
269.5
508.5
254.0
338.0
371.0
278.0
499.0
270.0
427.0
364.0
332.0
224.0
465.0
252.0
242.0
508.0
167.0
471.0
276.5
375.0
220.0
220.0
402.0
111.0
152.0
472.0
279.0
191.0
218.0
434.0
474.0
242.0
96.0
389.0
472.0
181.0
297.0
405.0
335.0
198.0
205.0
236.0
98.0
367.0
261.0
321.0
416.0
241.0
268.0
386.0
439.0
243.0
404.0
239.0
369.0
216.0
450.0
159.0
184.0
404.0
90.0
324.0
253.0
206.0
90.0
133.0
350.0
242.0
451.0
307.0
165.0
281.0
385.0
284.0
87.0
238.0
207.0
196.0
94.0
324.0
337.0
315.0
384.0
101.0
356.0
187.0
340.0
181.0
361.0
106.0
156.0
454.0
325.0
215.0
129.0
382.0
112.0
233.0
420.0
90.0
526.0
191.0
332.0
295.0
54.0
321.0
261.0
259.0
202.5
451.0
408.333333333
287.333333333
362.0
206.0
158.0
373.0
422.0
245.0
246.0
338.0
202.0
134.0
158.0
328.0
412.0
109.0
437.0
113.0
411.0
214.0
354.0
184.0
146.0
462.0
296.0
357.0
120.0
282.0
360.0
301.5
63.0
412.0
234.0
190.0
98.0
246.0
305.0
195.0
360.0
194.0
225.0
232.0
202.0
292.0
346.0
159.0
358.0
142.0
20.0
467.0
141.0
446.0
137.0
370.0
317.0
160.0
233.0
333.0
253.0
129.0
191.0
254.0
450.0
293.0
155.0
431.0
125.0
259.0
203.0
416.5
209.0
235.0
216.0
130.0
270.0
149.0
133.0
356.0
345.0
79.0
290.0
191.0
221.0
275.0
327.0
141.0
306.0
452.0
210.0
339.0
379.0
265.0
262.0
407.0
137.0
376.0
394.0
118.0
235.0
274.0
306.0
273.0
346.0
189.0
472.0
246.0
219.0
403.0
305.0
361.0
265.0
383.0
90.0
433.0
316.0
273.0
285.0
353.5
244.0
419.0
467.0
49.0
280.0
380.0
246.0
358.0
345.0
288.0
181.0
272.0
243.0
467.0
146.0
393.0
392.0
224.0
256.0
347.0
365.0
237.0
238.5
421.0
293.0
379.5
104.0
461.0
330.0
77.0
399.0
97.0
207.0
324.0
445.0
240.0
189.0
371.0
354.0
375.0
317.0
248.0
140.0
357.0
120.0
454.0
177.0
323.0
268.5
414.5
372.5
194.0
207.0
507.5
407.0
144.0
238.0
446.0
394.0
239.0
359.0
295.0
364.0
328.0
356.0
268.0
50.0
387.0
262.0
526.0
218.0
382.0
466.0
162.0
30.0
461.0
221.0
438.5
278.666666667
309.0
354.0
313.0
304.0
22.0
347.0
214.0
159.0
393.0
176.0
192.0
386.0
134.0
109.0
409.0
273.0
25.0
243.0
417.0
197.0
425.0
203.0
189.0
137.0
277.0
283.0
314.0
388.0
197.0
332.0
58.0
197.0
368.0
216.0
285.0
351.0
192.0
202.0
370.0
291.0
366.0
401.0
112.0
350.0
187.0
252.0
263.0
355.0
300.0
256.0
450.0
305.0
355.0
416.0
248.0
70.0
274.0
346.0
276.0
188.0
422.5
227.0
334.0
361.0
185.0
202.0
273.0
140.0
416.0
277.0
239.0
147.0
246.0
226.0
382.0
300.0
282.0
377.0
104.0
280.0
415.0
225.0
451.5
275.5
470.0
407.0
147.0
402.0
87.0
179.0
601.0
221.0
225.0
385.0
253.0
289.0
416.0
210.0
409.0
321.0
293.0
298.0
217.0
327.0
105.0
348.0
167.0
232.0
396.0
223.0
400.5
20.0
320.0
464.0
106.0
243.0
255.0
292.0
261.0
337.0
267.0
333.0
363.0
200.0
361.0
228.0
300.0
302.0
117.0
145.0
341.0
285.0
237.0
209.0
321.0
435.0
53.0
156.0
266.0
140.0
375.0
243.0
424.0
208.0
411.0
402.0
87.0
355.0
166.0
130.0
397.0
387.0
20.0
366.0
233.0
264.0
482.0
172.0
371.0
468.0
117.0
380.0
252.0
133.0
395.0
35.0
328.0
389.0
68.0
217.0
307.0
263.0
301.0
332.0
257.0
183.0
155.0
195.0
216.0
450.0
39.0
376.0
51.0
91.0
400.0
183.0
480.0
37.0
362.0
191.0
381.0
249.0
267.0
342.0
93.0
255.0
389.0
297.0
168.0
438.0
192.0
249.0
279.0
193.0
393.0
241.0
381.0
220.0
299.5
140.0
252.0
170.0
309.0
263.0
71.0
269.0
251.0
312.0
219.0
302.0
318.0
337.0
289.0
193.0
332.0
327.0
329.0
372.0
306.0
125.0
126.0
239.0
319.0
68.0
356.0
241.0
386.0
463.0
276.0
266.0
384.0
194.5
382.0
413.0
193.0
362.0
231.0
295.0
438.0
314.0
295.0
253.0
417.0
284.0
388.0
351.0
160.0
435.0
192.0
219.0
370.0
269.0
374.0
252.0
545.5
349.0
226.0
261.0
288.0
363.0
189.0
250.0
369.0
355.0
172.0
133.0
398.0
253.0
231.0
368.0
197.0
419.0
275.0
182.0
145.0
84.0
359.0
353.0
252.0
177.0
302.0
40.0
308.0
288.0
369.0
451.0
234.0
288.666666667
359.666666667
346.0
181.0
415.0
188.0
175.0
351.0
193.0
242.0
339.0
331.0
371.0
249.0
379.0
344.0
305.0
223.0
352.0
232.0
486.0
202.0
142.0
388.0
341.0
172.0
277.0
316.0
211.0
299.0
383.0
72.0
64.0
349.0
410.0
250.0
107.0
380.0
228.0
259.0
210.0
433.5
189.0
451.0
334.0
233.0
351.0
206.0
289.0
142.0
234.0
290.0
235.0
199.0
83.0
339.0
40.0
424.0
388.0
223.0
420.0
206.0
269.0
367.0
247.0
318.0
143.0
409.0
238.5
440.0
244.0
83.0
25.0
310.0
241.0
259.0
312.0
25.0
387.0
165.0
131.0
369.0
407.0
186.0
320.0
143.0
267.0
269.0
61.0
418.0
368.0
256.0
223.0
244.0
478.0
110.0
441.0
206.0
237.0
128.0
220.0
356.0
236.5
303.5
205.0
306.0
388.0
83.0
229.0
282.0
224.0
272.0
65.0
445.0
307.0
257.0
151.0
388.0
226.0
352.0
128.0
269.0
323.0
162.0
331.0
186.0
221.0
234.0
391.0
230.0
361.0
301.5
338.0
156.0
241.0
287.0
217.0
396.0
307.0
388.0
472.0
226.0
100.0
266.0
259.0
466.0
189.5
380.0
258.0
190.0
161.0
169.0
238.0
221.0
187.0
224.0
20.0
292.0
151.0
214.0
201.0
339.0
157.0
327.0
55.0
357.0
379.0
215.0
147.0
284.0
384.5
294.5
321.0
293.5
190.0
203.0
375.0
156.0
307.0
303.0
364.0
186.0
402.0
266.0
41.0
386.0
226.0
250.0
258.0
309.0
380.0
246.0
267.0
317.0
278.0
262.0
407.0
306.0
341.666666667
312.666666667
331.0
343.0
141.0
168.0
165.0
359.0
40.0
413.0
366.0
199.0
258.0
268.0
217.0
427.0
302.0
206.0
135.0
360.0
194.0
464.0
255.0
430.0
10.0
375.0
332.0
125.0
181.0
252.0
256.0
201.0
353.0
258.0
369.0
250.0
376.5
292.0
204.5
410.5
102.0
371.0
335.0
277.0
224.0
381.0
234.0
194.0
301.0
206.0
190.0
238.0
229.0
343.0
205.0
331.0
451.0
145.0
230.0
358.0
434.0
106.0
181.0
439.0
245.0
376.0
440.0
81.0
241.0
132.0
426.0
310.0
411.0
41.0
320.0
233.0
415.0
186.0
388.0
119.0
354.0
235.0
371.0
266.0
102.0
423.0
436.0
273.0
384.0
317.0
238.0
359.0
60.0
342.0
360.0
116.0
52.0
378.0
202.0
317.0
299.0
77.0
341.0
153.0
204.0
360.0
376.0
190.0
407.5
218.0
403.0
177.0
96.0
390.0
379.0
390.0
358.0
117.0
428.0
53.0
147.0
390.0
234.0
159.0
298.0
285.0
287.0
133.0
392.0
95.0
190.0
472.0
70.0
325.0
303.5
383.0
174.0
451.0
279.0
404.0
69.0
400.0
238.0
318.0
250.0
402.0
292.0
379.0
324.0
123.0
355.0
132.0
227.5
414.0
251.0
232.0
203.0
367.0
382.0
150.0
396.0
192.0
338.0
295.666666667
15.0
432.0
57.0
477.0
355.0
207.0
382.0
179.0
249.0
355.0
434.0
184.0
383.0
251.0
358.0
273.0
285.0
349.0
302.0
407.0
208.5
431.5
392.5
137.5
284.5
382.0
344.0
172.0
395.0
296.0
299.0
205.0
282.0
433.0
447.0
140.0
496.0
279.0
410.0
261.0
452.0
299.0
398.0
220.0
462.0
136.0
240.0
448.0
283.5
380.0
235.5
352.0
312.0
215.0
21.0
369.0
245.0
249.0
318.0
196.0
82.0
409.0
75.0
246.0
207.0
264.0
195.0
280.0
364.0
21.0
308.0
250.0
298.0
480.0
233.0
206.0
222.5
381.5
131.0
342.0
201.0
376.0
115.0
476.0
258.0
343.0
295.0
332.0
265.0
319.0
365.0
143.0
154.0
337.0
299.0
362.0
154.5
475.0
235.0
397.0
266.0
232.0
363.0
270.0
335.0
189.0
272.0
182.0
291.0
389.0
250.0
393.0
444.0
169.0
183.0
322.0
185.0
315.0
242.0
439.0
95.0
413.0
207.0
421.0
233.0
422.0
145.5
376.5
392.0
55.0
285.0
306.0
166.0
320.0
434.0
227.0
276.0
113.0
188.0
229.0
402.0
186.0
370.0
168.0
370.333333333
300.333333333
42.0
220.0
346.0
55.0
184.0
359.0
261.0
158.0
126.0
323.0
69.0
374.0
172.0
328.0
373.0
261.0
357.0
101.0
360.0
106.0
269.333333333
356.333333333
188.0
71.0
397.0
5.0
294.0
325.0
248.0
330.0
424.0
175.0
86.0
15.0
294.0
278.0
250.0
158.0
132.0
302.0
402.0
105.0
272.0
218.0
235.666666667
336.666666667
47.0
379.0
190.0
378.0
176.0
194.0
208.0
195.0
214.0
368.0
172.0
344.0
271.0
251.0
307.0
273.0
280.0
404.0
66.0
431.0
183.0
297.0
227.0
60.0
396.0
58.0
397.0
90.0
262.0
97.0
143.0
150.0
159.0
419.0
70.0
358.0
338.0
201.0
118.0
133.0
242.5
321.0
199.0
245.0
240.0
294.0
206.0
406.0
398.0
234.0
190.0
314.0
290.0
298.0
257.0
392.0
165.0
231.0
197.0
330.0
236.5
433.5
292.0
375.0
380.0
278.0
267.0
236.0
374.0
231.0
289.0
237.0
145.0
364.0
143.0
373.0
225.0
367.0
184.0
332.0
391.5
276.5
260.666666667
246.666666667
279.0
337.0
233.0
285.0
240.0
460.0
482.0
129.0
466.0
205.0
338.0
327.0
293.0
290.0
289.0
253.0
236.0
425.0
282.0
354.0
100.0
387.0
286.0
324.0
244.0
379.0
113.0
391.0
26.0
407.0
252.0
135.0
120.5
471.5
257.0
104.0
290.0
178.0
221.0
364.0
345.0
283.0
247.0
389.0
361.0
380.0
374.0
146.0
421.0
233.0
220.0
439.0
341.0
188.0
156.0
410.0
126.0
364.0
282.0
398.0
285.0
373.0
447.0
95.0
311.333333333
361.0
356.0
212.0
379.0
138.0
356.0
191.0
254.0
302.0
365.0
259.0
363.0
238.0
274.0
252.0
154.0
445.0
266.0
304.0
102.0
478.0
235.0
381.0
391.0
270.0
257.0
332.0
390.0
306.0
205.0
250.0
241.0
236.0
285.0
324.0
192.0
363.0
280.0
298.0
197.0
378.0
95.0
380.0
101.0
370.0
197.0
396.0
403.0
242.0
147.0
297.0
190.0
90.0
165.0
216.0
360.0
244.0
229.0
145.0
220.0
376.0
285.0
291.0
219.0
356.0
343.0
206.0
221.0
187.0
368.0
140.0
94.0
310.0
160.0
270.0
275.0
262.0
220.0
365.0
101.0
419.0
365.0
256.5
264.0
187.0
331.0
403.0
334.0
177.0
208.0
431.0
33.0
386.0
141.0
363.0
235.0
351.0
160.0
414.0
355.0
200.0
362.0
50.0
416.0
154.0
386.0
25.0
100.0
356.0
180.0
222.0
170.0
429.0
408.0
35.0
410.0
66.0
254.0
201.0
166.0
220.0
193.0
411.0
363.0
176.0
319.0
180.0
256.0
409.0
361.0
305.0
354.0
211.0
367.0
113.0
288.0
383.0
231.0
438.0
400.0
303.0
261.0
400.0
390.0
258.0
280.0
279.0
247.0
420.0
404.0
186.0
493.0
223.0
394.0
219.0
295.0
283.0
237.0
401.0
237.0
344.0
422.0
210.0
266.0
294.0
219.0
336.0
392.0
125.0
348.0
270.0
197.0
278.0
294.0
355.0
153.0
290.0
364.0
313.0
238.0
328.0
318.0
251.5
82.0
310.0
271.0
210.0
203.0
146.0
396.0
75.0
379.0
111.0
303.0
60.0
382.0
101.0
118.0
37.0
227.0
139.0
317.0
133.0
191.0
202.0
123.0
260.0
100.0
243.0
416.0
152.0
166.0
208.0
433.0
188.0
159.0
441.0
296.0
109.0
306.0
165.0
430.0
206.0
424.0
135.0
251.0
208.0
168.0
390.0
206.0
369.0
173.0
144.0
155.0
229.0
143.0
366.0
319.0
159.0
165.0
157.0
311.0
102.0
125.0
321.0
315.0
187.0
329.0
173.0
222.0
400.0
308.0
341.0
192.0
382.0
10.0
303.0
257.0
387.0
447.0
141.0
230.0
313.0
323.0
207.0
248.5
405.5
164.0
295.0
217.0
237.0
237.0
148.0
249.0
222.0
401.0
209.0
169.0
339.0
286.0
316.0
294.0
383.0
206.0
264.0
119.0
259.0
360.0
225.0
386.0
65.0
274.0
324.0
215.0
74.0
242.0
414.0
73.0
390.0
383.0
122.0
360.0
110.0
209.0
295.0
277.0
61.0
311.0
193.0
195.0
168.0
434.0
107.0
377.0
250.0
229.0
423.0
357.0
249.0
202.0
420.0
373.0
223.0
106.0
441.0
286.5
386.0
251.0
265.0
298.0
368.0
276.0
374.0
314.0
352.0
264.0
329.0
52.0
503.0
181.0
377.0
437.0
84.0
384.0
341.0
181.0
390.0
258.0
273.0
388.0
172.0
237.0
383.0
102.0
171.0
268.0
262.0
283.0
291.0
123.0
336.0
160.0
318.0
278.0
224.0
338.0
132.0
215.0
397.0
272.0
368.0
339.0
124.0
106.0
359.0
291.0
171.0
374.0
256.0
353.0
210.0
150.0
342.0
349.0
177.0
111.0
257.0
288.0
287.0
268.0
272.0
367.0
232.0
290.0
362.0
343.0
168.0
203.0
227.0
127.0
166.0
75.0
361.0
306.0
273.0
291.0
440.0
394.0
174.0
127.0
371.0
39.0
211.0
175.0
123.0
267.0
106.0
224.0
354.0
161.0
388.0
187.0
329.0
230.0
330.0
278.0
245.0
15.0
50.0
338.0
94.0
148.0
257.0
352.0
255.0
58.0
226.0
127.0
377.0
388.0
139.0
216.0
132.0
369.0
200.0
144.0
308.0
103.0
212.0
66.0
91.0
102.0
339.0
423.0
128.0
241.0
382.0
386.0
248.0
253.0
357.0
332.0
132.0
419.0
37.0
257.0
249.0
100.0
250.0
296.0
314.0
318.0
230.0
332.0
127.0
210.0
397.0
204.0
389.0
127.0
336.0
320.0
7.0
287.0
328.0
113.0
243.0
412.0
289.0
329.0
256.0
209.0
237.0
51.0
407.0
465.0
467.0
236.0
289.0
50.0
283.0
210.0
360.0
330.0
273.0
411.0
118.0
107.0
440.0
265.0
353.0
162.0
420.0
50.0
436.0
326.666666667
308.333333333
375.0
251.0
137.0
293.0
360.0
290.0
136.0
366.0
334.0
246.0
330.0
154.0
188.0
386.0
387.0
218.0
180.0
405.5
253.0
367.5
52.0
377.0
252.0
274.0
307.0
265.0
266.0
155.0
364.0
263.0
255.0
51.0
372.0
286.0
207.0
337.0
265.0
417.0
238.5
483.0
412.5
258.5
324.0
161.0
377.0
63.0
327.0
177.0
238.0
340.0
138.0
389.0
323.0
277.0
33.0
355.0
340.0
243.0
332.0
124.0
174.0
321.0
361.0
281.0
264.0
333.0
268.0
415.5
262.5
319.5
248.0
324.0
81.0
435.0
405.0
90.0
35.0
479.0
262.0
367.0
130.0
322.0
234.0
187.0
423.0
81.0
103.0
343.0
228.0
252.0
96.0
325.0
60.0
319.0
199.0
348.666666667
210.0
369.0
198.0
225.0
334.0
247.0
377.0
189.0
214.0
243.0
419.0
193.0
425.0
268.0
232.0
252.0
107.0
259.0
300.0
196.0
228.0
386.0
25.0
407.0
207.0
349.0
296.0
311.0
376.0
95.0
143.0
466.0
340.0
258.0
310.0
359.0
353.0
173.0
344.0
151.0
378.0
228.0
342.0
314.0
370.0
255.0
179.0
457.0
225.0
295.0
369.0
259.0
273.0
444.0
259.0
242.0
182.0
288.0
294.0
417.5
204.0
271.0
40.0
433.0
196.0
151.0
382.0
253.0
363.0
163.0
386.0
256.0
363.0
168.0
420.0
175.0
152.0
367.0
407.0
96.0
111.0
346.0
242.0
75.0
219.0
360.0
165.0
329.0
374.0
220.0
243.0
251.0
276.0
396.0
190.0
346.0
239.0
144.0
370.0
109.0
204.0
367.0
194.666666667
294.333333333
205.0
335.0
258.0
240.0
181.0
269.0
303.0
327.0
187.0
232.0
343.0
320.0
254.0
375.0
196.0
406.0
254.0
385.5
199.0
139.0
33.0
168.0
183.0
294.0
398.0
205.0
303.0
272.0
431.333333333
299.0
290.0
366.0
390.0
174.0
294.0
260.0
138.0
371.0
362.0
86.0
338.0
100.0
298.0
268.0
438.0
72.0
250.0
180.0
208.0
232.0
377.0
377.0
129.0
359.0
483.0
120.0
141.0
195.0
172.0
257.0
129.0
232.0
272.0
159.0
178.0
61.0
204.0
266.0
314.0
244.0
307.0
112.0
295.0
213.0
136.0
352.0
217.0
384.0
150.0
408.0
44.0
590.0
196.0
436.0
94.0
365.0
198.0
323.0
325.0
140.0
319.0
172.0
147.0
435.0
208.0
601.0
135.0
347.0
432.0
289.0
208.0
195.0
251.0
282.0
392.0
66.0
249.0
342.0
321.0
115.0
241.0
332.0
343.0
264.0
116.0
335.0
317.0
254.0
210.0
230.0
271.0
263.0
155.0
446.0
248.0
392.0
226.0
251.0
358.0
247.0
270.0
369.0
296.666666667
280.0
298.0
279.0
353.0
188.0
117.0
321.0
364.0
380.0
398.0
139.0
164.0
322.0
297.5
333.5
186.0
348.0
337.0
59.0
258.0
674.0
260.0
343.0
142.0
357.0
173.0
359.0
231.0
471.0
206.0
261.0
148.0
309.0
420.0
183.0
164.0
216.0
193.0
404.0
134.0
388.0
65.0
431.0
173.0
186.0
201.0
220.0
352.0
70.0
115.0
106.0
427.0
73.0
349.0
225.0
159.0
272.0
154.0
207.0
207.0
421.0
419.0
214.0
146.0
268.0
220.0
196.0
96.0
298.0
130.0
435.0
345.0
275.0
352.0
65.0
126.0
345.0
117.0
475.0
176.0
225.0
132.0
433.0
304.0
262.0
261.0
393.0
310.0
181.0
231.0
322.0
321.0
195.0
216.5
415.0
257.0
461.5
161.0
367.0
344.0
94.0
65.0
365.0
288.0
228.0
275.666666667
316.333333333
55.0
368.0
198.0
248.0
229.0
384.0
413.0
124.0
178.0
275.0
377.0
253.0
277.0
187.0
28.0
266.0
247.0
116.0
383.0
246.0
205.0
225.0
108.0
281.0
181.0
304.0
165.0
348.0
332.5
434.0
288.5
419.0
321.0
357.0
176.0
368.0
344.0
168.0
212.0
269.0
182.0
383.0
412.0
371.0
399.0
215.0
373.0
282.0
430.0
199.0
232.0
395.0
456.0
188.0
272.0
388.0
177.5
252.0
207.0
235.0
176.0
196.0
196.0
322.0
193.0
243.0
188.0
311.0
355.0
136.0
273.0
141.0
265.0
225.0
352.0
195.0
104.0
405.0
213.0
292.0
345.0
264.0
312.0
16.0
151.0
45.0
357.0
160.0
197.0
315.0
363.0
131.0
207.0
287.0
217.0
418.0
201.0
331.0
231.0
382.0
222.0
325.0
270.0
336.0
299.0
299.0
400.0
187.0
302.0
276.0
328.0
205.0
251.0
341.0
358.0
210.0
161.0
302.0
276.0
0.0
156.0
197.0
168.0
279.0
286.0
241.0
187.0
189.0
65.0
392.0
122.0
389.0
321.0
154.5
132.0
252.0
413.0
210.0
279.0
141.0
369.0
321.0
388.0
215.0
342.0
188.0
88.0
286.0
135.0
346.0
271.0
106.0
79.0
345.0
99.0
366.0
322.0
155.0
261.0
285.0
362.0
125.0
239.0
353.0
325.666666667
332.666666667
411.0
217.0
310.0
316.0
497.0
247.0
187.0
450.0
317.0
346.0
260.0
278.0
335.0
297.0
292.0
299.0
208.0
425.0
260.0
355.0
272.5
347.5
186.5
368.5
163.0
348.0
332.0
220.0
403.0
153.0
233.0
275.0
296.0
400.0
96.0
440.0
171.0
234.0
288.0
182.0
239.0
311.0
409.0
103.0
250.0
332.0
233.0
421.0
232.0
409.5
371.0
153.0
123.0
318.0
370.0
253.0
397.0
277.0
132.0
415.0
223.0
265.0
422.0
285.0
40.0
282.0
374.0
318.0
393.0
225.0
391.0
298.0
201.0
404.0
110.0
360.0
421.0
234.0
335.0
115.0
318.0
323.0
418.0
229.0
180.0
219.0
134.0
409.0
394.0
7.0
310.0
242.0
224.0
167.0
202.0
396.0
389.0
102.0
252.0
250.0
299.0
147.0
180.0
268.0
334.0
76.0
244.0
25.0
211.0
190.0
365.0
306.0
369.0
249.0
283.0
319.0
368.0
302.0
325.0
158.0
222.0
311.0
318.0
374.0
352.0
277.0
258.0
366.0
351.0
236.0
296.0
52.0
178.0
331.0
219.0
414.0
336.0
294.0
266.0
279.0
251.0
375.0
236.0
168.0
187.0
215.0
301.0
149.0
270.0
192.0
150.0
160.0
224.0
299.0
121.0
403.0
316.0
137.0
211.0
271.0
283.0
243.0
194.0
342.0
84.0
415.0
262.0
319.0
316.0
165.0
317.0
35.0
235.0
208.0
123.0
310.0
167.0
203.0
250.0
279.0
50.0
414.0
415.0
31.0
155.0
448.0
265.0
337.0
50.0
408.0
133.0
319.0
196.0
182.0
216.0
181.0
73.0
443.0
248.0
202.0
136.0
315.0
213.0
451.0
241.0
292.0
171.0
330.0
170.0
405.0
341.0
115.0
216.0
487.0
257.0
426.0
106.0
441.0
444.0
247.0
188.0
483.0
269.0
499.0
321.0
280.0
459.0
81.0
437.0
255.0
429.0
32.0
196.5
435.0
348.0
361.0
147.0
375.0
283.0
172.0
401.0
226.0
252.5
361.0
168.0
348.0
147.0
381.0
417.0
326.0
450.0
189.0
237.0
255.0
363.0
190.0
288.0
374.0
362.0
287.0
270.0
310.0
244.0
350.0
150.0
410.0
395.0
82.0
229.0
355.0
259.0
275.0
278.0
392.0
369.0
110.0
196.0
373.0
360.0
297.0
251.0
361.0
40.0
169.0
285.0
321.0
429.0
304.0
360.0
256.0
306.0
370.0
420.0
229.0
118.0
420.0
397.0
225.0
127.0
466.0
387.0
260.0
264.5
333.0
338.0
168.0
224.0
270.0
146.0
229.0
397.0
30.0
186.0
325.0
321.0
170.0
20.0
398.0
26.0
140.0
357.0
156.0
258.333333333
339.333333333
376.0
162.0
368.0
292.0
396.0
213.0
378.0
244.0
380.0
181.0
432.0
204.0
334.0
368.0
402.0
275.0
211.0
350.0
240.0
389.0
453.0
169.0
129.0
257.0
371.0
160.0
212.0
318.0
303.0
153.0
240.0
421.0
333.0
174.0
399.0
231.0
117.0
375.0
381.0
288.5
110.0
473.0
215.0
445.0
288.0
387.0
373.0
251.0
103.0
335.0
336.0
328.0
339.0
159.0
370.0
263.0
322.0
291.0
242.0
400.0
104.0
252.0
353.0
304.0
303.0
264.0
228.0
235.0
279.0
308.0
329.0
125.0
339.0
89.0
346.0
211.0
80.0
394.0
297.0
125.0
265.0
323.0
388.0
230.0
268.666666667
249.333333333
265.333333333
327.666666667
170.0
355.0
218.0
253.0
340.0
222.0
247.0
279.0
238.0
447.0
191.0
388.0
221.0
332.0
327.0
235.0
296.0
300.0
370.0
244.0
273.0
355.0
221.0
390.0
402.0
305.0
318.0
145.0
327.0
223.0
310.0
231.0
374.0
118.0
435.0
145.0
300.0
257.0
275.0
244.0
250.5
430.5
452.0
228.0
156.0
451.0
288.0
318.0
348.0
244.0
500.0
261.0
319.0
240.0
293.0
241.0
437.0
244.0
442.0
70.0
148.0
392.0
404.0
87.0
177.666666667
331.333333333
352.0
202.0
368.0
163.0
153.0
40.0
282.0
301.0
266.0
101.0
333.0
93.0
164.0
419.0
94.0
275.0
387.0
160.0
96.0
363.0
121.0
335.0
20.0
284.0
247.0
312.0
371.0
108.0
109.0
390.0
259.0
259.0
327.0
207.0
259.0
264.0
383.666666667
241.333333333
362.0
32.0
204.0
292.0
179.0
360.0
138.0
386.0
224.0
323.0
183.0
399.0
184.0
399.0
278.0
434.0
228.0
442.0
377.0
207.0
232.0
237.0
148.0
431.0
286.0
206.0
384.0
189.0
397.0
275.0
245.0
231.0
367.0
175.0
133.0
370.0
310.0
71.0
373.0
392.0
229.5
379.0
73.0
276.0
408.0
249.0
295.0
240.0
206.0
248.0
285.0
76.0
398.0
146.0
151.0
287.0
113.0
287.0
375.0
150.0
436.0
246.0
275.0
366.0
437.0
120.0
406.0
211.0
437.0
181.0
138.0
286.0
372.0
25.0
147.0
168.0
385.0
129.0
237.0
391.0
226.0
112.0
386.0
213.0
236.0
258.0
254.0
106.0
334.0
165.0
294.0
331.0
95.0
263.0
412.0
205.0
295.0
388.0
175.0
298.0
368.0
375.0
329.0
220.0
175.0
434.0
250.5
459.5
158.0
487.0
506.0
158.0
419.0
141.0
318.0
79.0
134.0
510.0
348.0
364.0
317.0
273.0
98.0
385.0
381.0
100.0
154.0
359.0
312.0
398.0
310.5
425.0
314.0
413.5
454.0
218.0
82.0
273.0
144.0
517.0
397.0
35.0
177.0
451.0
381.0
216.0
242.0
420.0
366.0
83.0
235.0
363.5
219.5
382.5
278.0
312.0
447.0
30.0
273.0
273.0
144.0
377.0
184.0
336.0
445.0
278.0
110.0
404.0
334.0
267.0
396.0
154.0
206.5
379.0
109.0
309.0
350.0
77.0
293.0
48.0
95.0
297.0
409.0
259.0
439.0
211.0
307.0
50.0
407.0
149.0
186.0
387.5
222.0
359.0
268.0
299.0
519.0
232.0
446.0
20.0
303.0
274.0
329.0
33.0
355.0
61.0
193.0
8.0
103.0
383.0
367.0
305.0
221.0
178.0
51.0
454.0
155.0
254.0
224.0
118.0
249.666666667
325.0
383.0
41.0
346.0
173.0
358.0
152.0
319.0
212.0
255.0
365.0
401.0
195.0
222.0
292.0
375.0
165.0
137.0
359.0
131.0
349.0
204.0
295.0
55.0
290.0
392.0
172.0
236.0
277.0
366.0
293.0
369.0
75.0
317.0
247.0
252.333333333
223.666666667
262.0
370.0
241.0
224.0
377.0
224.0
473.0
185.0
302.0
325.0
219.0
360.0
256.0
458.5
343.0
264.0
396.0
193.0
266.0
245.0
397.0
146.0
254.0
308.0
245.0
436.0
402.0
20.0
262.0
173.0
379.0
128.0
326.0
143.0
339.0
250.0
333.0
296.0
313.0
227.0
218.0
340.0
443.0
243.0
347.0
216.0
147.0
416.0
239.0
282.0
395.0
142.0
281.0
404.0
353.0
35.0
447.0
202.0
351.0
259.0
394.0
221.0
107.0
392.0
278.0
216.0
382.0
226.0
375.5
213.0
20.0
145.0
83.0
195.0
334.0
168.0
42.0
351.0
333.0
90.0
162.0
369.0
145.0
356.0
388.0
63.0
121.0
233.0
219.0
382.0
449.0
101.0
333.0
227.0
443.0
222.0
108.0
344.0
329.0
200.0
264.0
440.0
214.0
325.0
205.0
389.0
65.0
224.0
252.0
293.0
333.0
127.0
415.0
77.0
342.0
256.0
280.0
398.0
482.0
118.0
182.0
352.0
358.0
223.0
371.0
288.0
249.0
273.0
180.0
379.0
168.0
246.0
499.0
168.0
359.0
229.0
422.0
264.0
408.0
261.0
194.0
169.0
384.0
172.0
113.0
260.0
121.0
421.0
131.0
236.0
244.0
267.0
370.0
281.0
274.0
234.0
234.0
334.0
342.0
212.0
194.0
161.0
120.0
377.0
180.0
326.0
275.0
234.0
295.0
298.666666667
322.0
94.0
301.0
145.0
225.0
426.0
214.0
260.0
182.0
480.0
296.0
209.0
298.0
337.0
131.0
339.0
359.0
220.0
423.0
105.0
296.0
398.0
281.0
208.0
270.0
314.0
361.0
252.0
455.0
266.0
367.0
104.0
423.0
197.0
161.0
211.0
226.0
330.0
330.0
210.0
229.0
380.0
250.0
78.0
397.0
140.0
328.0
211.0
393.0
196.0
429.0
248.0
265.0
55.0
59.0
454.0
36.0
420.0
280.0
336.0
312.0
277.0
70.0
498.0
275.0
296.0
228.0
286.0
340.0
45.0
456.0
169.0
422.0
101.0
193.0
278.0
65.0
226.0
280.0
284.0
183.0
315.0
120.0
362.0
357.0
194.0
88.0
361.0
436.0
40.0
113.5
390.5
20.0
341.0
397.0
65.0
324.0
55.0
230.0
47.0
229.0
259.0
324.0
124.0
188.0
365.0
269.0
91.0
146.0
206.0
321.0
55.0
240.0
173.0
258.0
394.0
335.0
231.0
329.0
305.0
378.0
180.0
239.0
158.0
340.0
32.0
274.0
174.0
223.0
291.0
395.0
229.0
285.0
393.0
478.0
31.0
131.0
381.0
371.0
108.0
335.0
184.0
302.0
284.0
356.0
217.0
174.0
444.0
230.0
399.0
203.0
359.0
158.0
356.0
388.0
178.0
268.333333333
281.666666667
60.0
430.0
356.0
230.0
184.0
315.0
267.0
427.0
303.0
242.0
327.0
248.0
333.0
103.0
193.0
397.0
239.0
216.0
358.0
163.0
172.0
125.0
193.0
412.0
195.0
283.0
158.0
320.0
100.0
406.0
341.0
135.0
381.0
264.0
432.0
232.0
139.0
463.0
100.0
438.0
390.0
265.0
305.0
273.0
390.0
287.0
274.0
245.0
278.0
113.0
304.0
149.0
141.0
357.0
309.0
237.0
243.0
260.0
350.0
184.0
255.0
152.0
227.0
418.0
68.0
415.0
165.0
311.0
382.0
185.0
150.0
279.0
284.0
232.0
346.0
247.0
101.0
426.0
336.0
265.0
242.0
168.0
254.0
220.0
356.0
292.0
327.0
60.0
238.0
150.0
429.0
196.0
177.0
304.0
422.0
298.0
216.0
313.0
182.0
318.0
93.0
358.0
205.0
235.0
265.0
256.0
251.5
385.0
289.0
121.0
365.0
134.0
325.0
349.0
384.0
179.0
235.0
279.0
355.0
149.0
387.0
117.0
51.0
409.0
74.0
368.0
261.0
260.0
305.0
364.0
82.0
293.0
426.0
153.0
306.0
278.333333333
181.0
435.5
248.0
400.0
286.0
240.0
307.0
316.0
55.0
368.0
361.0
214.0
253.0
226.0
141.0
395.0
195.0
305.0
299.0
117.0
127.0
416.0
211.0
372.0
294.0
324.0
150.0
365.0
349.0
325.0
387.0
324.0
360.0
129.0
266.0
457.0
364.0
180.0
344.0
401.0
155.0
192.0
269.0
117.0
41.0
344.0
36.0
381.0
237.5
161.5
93.0
227.0
96.0
136.0
98.0
225.0
295.0
220.0
283.0
452.5
128.0
398.0
332.0
159.0
253.0
336.0
263.0
429.0
207.0
217.0
411.0
246.0
388.0
221.0
369.5
295.0
173.0
432.0
182.0
309.0
272.0
365.0
141.0
423.0
288.0
285.0
324.0
241.0
490.0
229.0
190.0
320.0
257.333333333
262.666666667
194.0
60.0
220.0
294.0
239.0
349.0
246.0
78.0
36.0
428.0
286.0
239.0
312.0
258.0
260.0
236.0
177.0
387.0
331.333333333
271.0
80.0
215.0
186.0
409.0
375.0
81.0
397.0
216.0
337.0
198.0
223.0
181.0
214.0
10.0
224.0
473.0
168.0
414.5
226.5
365.0
181.0
382.0
339.0
229.0
290.0
135.0
247.0
318.0
241.0
306.0
252.0
350.0
285.0
415.5
196.0
302.0
146.0
399.0
273.0
293.0
366.0
98.0
215.0
340.0
26.0
122.0
107.0
364.0
109.0
336.0
371.0
226.0
247.0
396.0
166.0
352.0
258.0
257.0
258.0
251.0
205.0
465.0
424.0
245.0
129.0
328.0
431.0
304.0
455.0
99.0
246.0
114.0
210.0
351.0
227.0
366.0
271.0
341.0
36.0
359.0
335.0
138.0
199.0
410.0
366.0
249.0
107.0
309.0
158.0
381.0
117.0
367.0
25.0
309.0
162.0
504.0
199.0
359.0
366.0
61.0
121.0
194.0
65.0
481.0
224.5
412.5
211.0
173.0
214.0
371.0
246.0
274.0
350.0
190.0
241.0
247.0
57.0
369.0
324.0
267.0
314.0
167.0
161.0
405.0
134.0
408.0
115.0
356.0
331.0
198.0
343.0
246.0
144.0
259.0
230.0
42.0
270.0
41.0
339.0
20.0
228.0
416.0
485.0
36.0
308.0
10.0
90.0
255.0
145.0
410.0
247.0
238.0
359.0
254.0
217.0
339.0
375.0
170.0
249.0
284.0
232.0
347.0
165.0
413.0
56.0
445.0
99.0
416.0
200.0
384.0
288.0
277.0
305.0
55.0
278.0
331.0
385.0
282.0
240.0
119.0
198.5
422.5
287.0
270.0
129.0
374.0
427.0
196.0
419.0
75.0
470.0
292.0
248.0
428.0
245.0
122.0
246.0
447.0
57.0
418.0
270.0
243.0
300.0
281.0
133.0
300.0
45.0
372.0
177.0
322.0
157.0
357.0
211.0
206.0
242.0
239.0
303.0
223.0
116.0
265.0
292.5
378.5
216.0
147.0
222.0
188.0
278.0
274.0
376.0
80.0
213.0
338.0
362.0
289.0
342.0
188.0
409.0
238.0
299.0
355.5
419.0
34.0
292.0
312.0
197.0
378.0
375.0
149.0
189.0
177.0
251.0
395.0
270.0
348.333333333
173.0
234.0
250.0
293.0
342.0
266.0
263.0
257.0
231.0
527.0
354.0
167.0
266.0
325.0
208.0
333.0
382.0
223.0
357.0
276.0
289.0
352.5
274.0
223.0
324.0
204.0
296.0
405.0
203.0
463.0
341.0
222.0
343.0
237.0
358.0
148.0
407.0
193.0
284.0
366.0
285.0
388.0
387.0
291.0
209.0
306.0
174.333333333
247.666666667
132.0
280.0
293.0
415.0
325.0
120.0
60.0
291.0
137.0
407.0
184.0
320.0
260.0
241.0
41.0
353.0
208.0
239.0
196.0
393.0
217.0
385.0
259.0
360.0
42.0
435.0
241.0
253.0
340.0
338.333333333
324.0
191.0
273.0
310.0
236.0
335.0
303.0
331.0
136.0
429.0
157.0
498.0
125.0
328.0
345.0
226.0
401.0
181.0
366.0
217.0
186.0
99.0
424.0
268.0
214.0
372.0
231.0
367.0
169.0
410.0
132.0
273.0
363.0
182.0
254.0
260.0
156.0
280.0
238.0
419.0
302.0
167.0
293.0
146.0
325.0
299.0
299.0
160.0
331.0
108.0
166.0
162.0
249.0
248.0
140.0
363.0
291.0
118.0
187.0
181.0
175.0
267.0
304.0
221.0
331.0
93.0
281.0
75.0
206.0
330.0
180.0
170.0
389.0
239.0
73.0
354.0
245.0
343.0
255.0
174.0
311.0
246.0
353.0
278.0
230.0
384.0
240.333333333
211.333333333
223.0
289.0
307.0
185.0
365.0
197.0
186.0
268.0
76.0
250.0
337.0
243.0
224.0
366.0
241.0
431.0
417.0
156.0
305.0
337.0
216.0
209.0
179.0
515.0
54.0
332.0
109.0
420.0
5.0
380.0
446.0
280.0
346.0
117.0
249.0
397.0
190.0
327.0
260.0
232.0
143.0
395.0
288.0
336.0
300.0
283.0
357.0
227.0
266.0
245.0
352.0
278.0
217.0
302.0
443.0
117.0
93.0
337.0
203.0
334.0
194.0
328.0
360.0
260.0
285.0
204.0
358.0
156.0
342.0
66.0
341.0
183.0
145.0
84.0
347.0
334.0
337.0
110.0
361.0
235.0
280.0
265.0
269.0
368.5
284.666666667
255.666666667
340.0
130.0
282.0
253.0
257.0
392.0
96.0
391.0
354.0
153.0
326.0
254.0
181.0
340.0
200.0
363.0
352.0
119.0
297.0
224.0
95.0
432.0
80.0
393.0
286.0
90.0
272.0
382.0
172.0
377.0
232.0
193.0
220.0
243.0
69.0
454.0
181.0
278.0
350.0
227.0
275.0
255.0
107.0
394.0
237.0
213.0
75.0
344.0
139.0
427.0
369.0
290.0
236.0
243.0
361.0
296.0
425.0
210.0
249.0
288.0
274.0
307.0
293.333333333
333.666666667
381.0
176.0
380.0
291.0
482.0
76.0
354.0
209.0
243.0
376.0
235.0
340.0
212.5
444.5
383.0
80.0
53.0
235.0
389.0
257.0
165.0
429.0
203.0
309.0
248.0
387.0
412.0
265.0
128.0
346.0
380.0
223.0
175.0
328.666666667
189.0
158.0
274.0
307.0
264.0
313.0
196.0
287.0
301.0
96.0
416.0
257.0
70.0
312.0
361.0
113.0
256.0
239.0
59.0
448.0
417.0
105.0
331.0
245.0
89.0
398.0
353.0
172.0
255.0
319.0
343.0
205.0
393.0
212.0
362.666666667
273.333333333
242.0
245.0
282.0
478.0
287.0
376.0
325.0
156.0
306.0
359.0
150.0
378.0
431.0
291.0
20.0
430.0
324.0
366.0
241.0
206.0
417.0
35.0
393.0
194.0
249.0
257.0
159.0
187.0
63.0
306.0
322.0
351.0
209.0
346.0
378.0
254.0
187.0
137.0
83.0
388.0
324.0
85.0
190.0
271.0
416.0
194.0
308.0
71.0
375.0
263.0
227.0
178.0
352.0
93.0
358.666666667
300.0
146.0
259.0
427.0
154.0
125.0
398.0
235.0
316.0
165.0
133.0
209.0
326.0
222.0
333.0
225.0
294.0
43.0
252.0
394.0
206.0
540.0
283.0
126.0
448.0
257.0
422.0
435.0
301.0
296.666666667
386.333333333
248.0
300.0
258.0
415.0
398.0
232.0
181.0
324.0
175.0
434.0
256.0
341.5
420.0
42.0
212.0
314.0
264.0
254.0
413.0
16.0
153.0
312.0
303.0
140.0
12.0
344.0
193.0
393.0
340.0
228.0
236.0
417.0
243.0
431.0
339.0
270.0
221.0
420.0
452.0
152.0
398.0
234.0
152.0
370.0
236.0
372.0
341.0
218.0
467.0
303.0
174.0
376.0
266.0
213.0
268.0
319.0
179.0
297.0
378.0
81.0
206.0
129.0
354.0
300.0
311.0
203.0
230.0
406.0
106.0
409.0
319.0
305.0
497.0
46.0
274.0
360.0
242.0
464.0
327.0
115.0
381.0
136.0
359.0
175.0
75.0
339.0
371.0
80.0
361.0
66.0
241.0
41.0
431.0
122.0
295.0
258.0
164.0
74.0
285.0
294.0
215.5
416.0
233.0
218.0
393.0
311.0
304.0
252.0
431.0
215.0
25.0
464.0
148.0
366.0
411.0
83.0
425.0
25.0
208.0
268.0
174.0
289.0
291.0
249.0
337.0
191.0
180.0
392.0
390.0
71.0
192.5
363.5
354.0
58.0
411.0
89.0
290.0
246.0
90.0
394.0
105.0
393.0
245.0
406.0
112.0
374.0
187.0
336.0
257.0
463.0
30.0
345.0
237.0
139.0
323.0
308.0
428.0
188.0
362.0
112.0
60.0
408.0
243.0
305.0
466.0
151.0
131.0
458.0
360.0
199.0
221.0
317.0
110.0
373.0
207.0
251.0
300.0
208.0
230.0
298.0
347.0
173.0
309.0
87.0
428.0
331.5
280.666666667
384.333333333
237.0
300.0
227.0
185.0
128.0
400.0
314.0
260.0
310.5
395.5
15.0
388.0
168.0
329.0
329.0
170.0
47.0
390.0
359.0
264.0
366.0
227.0
350.0
189.0
190.0
357.0
349.0
159.0
199.0
377.0
218.0
355.0
443.0
190.0
164.0
202.0
193.0
227.0
220.0
307.0
154.0
339.0
321.0
212.0
144.0
378.0
288.0
178.0
383.0
106.0
285.0
378.0
201.0
354.0
311.0
167.0
434.0
219.0
147.0
418.5
111.0
291.0
279.0
73.0
190.0
325.0
323.0
172.0
202.0
424.0
127.0
564.0
250.0
321.0
248.0
155.0
232.5
410.0
400.0
157.0
204.0
386.0
126.0
362.0
216.0
327.0
294.0
304.0
405.0
263.0
247.0
308.0
279.0
383.0
129.0
328.0
61.0
238.0
155.0
433.0
237.0
256.0
158.0
399.0
196.0
350.0
267.5
380.5
186.0
368.0
344.0
355.0
351.0
403.5
345.0
116.0
295.0
69.0
333.0
260.0
90.0
229.0
425.0
150.0
55.0
428.0
334.0
210.0
248.0
247.0
251.0
119.0
296.0
156.0
41.0
290.0
227.0
77.0
138.0
398.0
235.0
402.0
91.0
318.0
65.0
441.0
320.0
205.0
362.0
330.0
202.5
255.0
221.0
159.0
453.0
274.0
436.0
375.0
245.0
282.0
219.0
309.0
122.0
226.0
205.0
396.0
392.0
220.0
136.0
511.0
349.0
332.0
188.0
326.0
364.0
248.0
381.0
138.0
299.0
295.0
442.0
70.0
334.0
203.0
546.0
149.0
313.0
195.0
372.0
41.0
158.0
234.0
200.0
126.0
278.0
191.0
304.0
209.0
219.0
327.0
122.0
314.0
75.0
420.0
406.0
65.0
30.0
161.0
275.0
187.0
229.0
327.0
277.0
392.0
270.0
152.0
304.0
191.0
275.0
278.0
215.0
324.0
434.0
159.0
415.0
240.0
308.0
237.0
395.0
234.0
81.0
439.0
226.0
344.0
519.0
188.0
377.5
212.5
176.0
242.0
84.0
314.0
361.0
221.0
217.0
423.0
378.0
165.0
429.0
143.0
127.0
279.0
186.0
319.0
128.0
246.0
324.0
384.0
166.0
437.0
417.0
61.0
220.0
392.0
395.0
234.0
271.0
336.0
321.5
337.5
163.0
124.0
502.0
203.0
412.0
251.0
400.0
219.0
334.0
315.0
178.0
413.0
222.5
388.5
155.0
392.0
298.0
396.0
145.0
176.0
186.0
572.0
259.0
326.5
289.0
323.0
352.0
173.0
382.0
269.0
423.0
120.0
262.0
435.0
307.333333333
281.666666667
269.5
445.5
193.0
387.0
443.0
111.0
355.0
277.0
234.0
315.0
335.0
200.0
407.0
200.0
419.0
146.0
262.5
405.0
254.0
346.0
265.0
329.0
178.0
437.0
251.0
396.0
288.0
226.0
231.0
264.0
130.0
378.0
339.0
219.0
128.0
473.0
425.0
209.0
285.0
160.0
191.0
124.0
401.0
105.0
346.0
247.0
430.0
247.5
137.5
309.5
291.0
406.0
208.0
432.0
475.0
161.0
285.0
404.0
139.0
399.0
174.0
144.0
208.0
438.5
245.0
119.0
387.0
243.0
404.0
96.0
117.0
506.0
406.0
218.0
249.0
335.0
84.0
342.0
379.0
146.0
345.0
25.0
225.0
308.0
213.0
313.0
305.0
198.0
457.0
287.0
321.0
130.0
239.0
382.0
111.0
332.0
301.0
278.0
343.0
200.0
334.0
239.0
176.0
339.0
278.0
419.0
297.5
373.0
237.0
454.0
484.0
258.0
233.0
187.0
215.0
393.5
205.5
386.0
126.0
392.0
120.0
291.0
312.0
329.5
51.0
275.0
117.0
176.0
352.0
46.0
259.0
173.0
229.0
367.0
280.0
189.0
90.0
311.0
104.0
66.0
247.0
81.0
106.0
382.0
369.0
114.0
282.0
383.0
402.0
211.0
296.0
379.0
214.0
343.0
184.0
248.0
381.0
121.0
300.0
277.0
347.0
301.0
432.0
124.0
175.0
449.0
243.0
304.0
315.0
51.0
181.0
340.0
215.0
394.0
194.0
349.0
272.0
317.0
194.0
398.5
361.0
294.0
288.0
349.0
300.0
159.0
65.0
397.0
355.0
151.0
136.0
432.0
214.0
327.0
230.0
41.0
30.0
271.0
178.0
204.0
209.0
339.0
181.0
90.0
144.0
373.0
373.5
232.5
280.0
384.0
407.333333333
287.666666667
302.5
193.5
97.0
391.0
149.0
369.0
379.0
257.0
335.0
239.0
325.0
276.0
222.5
380.5
179.0
407.0
297.0
243.0
289.0
322.0
300.5
351.5
160.0
431.0
384.0
288.0
239.0
382.0
79.0
357.0
334.0
243.0
367.0
328.0
362.0
295.5
223.0
262.0
323.0
309.0
356.0
331.0
309.0
263.0
308.0
218.0
458.0
258.0
119.5
347.5
93.0
347.0
63.0
315.0
373.0
163.0
137.0
325.0
148.0
431.0
151.0
790.0
241.0
252.0
214.0
338.0
300.5
269.0
280.0
160.0
159.0
411.0
265.0
315.0
278.0
341.0
278.0
327.0
235.0
323.0
334.0
275.0
387.0
105.0
265.0
243.0
252.0
482.0
390.0
116.0
309.0
258.0
333.0
394.0
83.0
326.0
409.0
227.0
288.5
407.0
193.0
404.0
322.0
155.0
165.0
50.0
388.0
100.0
35.0
422.0
152.0
299.0
177.0
288.0
109.0
400.0
329.0
232.0
170.0
338.0
322.0
227.0
435.0
227.0
266.0
393.0
264.0
387.0
193.0
504.0
101.0
431.0
459.0
239.0
136.0
394.0
252.0
246.0
269.0
461.5
370.0
232.0
379.0
323.0
254.0
355.0
395.0
284.0
396.0
120.0
280.0
338.0
449.0
85.0
307.0
441.0
240.0
241.0
305.0
288.0
419.0
221.0
350.0
15.0
297.0
208.0
190.0
306.0
268.0
277.0
399.0
234.0
425.0
208.0
380.0
262.0
295.0
219.0
442.0
35.0
230.0
389.0
216.0
555.0
226.0
470.0
413.0
235.0
77.0
375.0
286.0
266.0
324.0
153.0
331.0
307.0
318.0
142.0
355.0
119.0
379.0
102.0
230.0
302.0
318.0
291.0
156.0
339.0
395.0
201.0
494.0
78.0
174.5
426.0
385.0
166.0
187.0
278.0
158.0
189.0
364.0
199.0
387.0
194.0
203.0
262.0
405.0
41.0
207.0
261.0
347.0
232.0
412.0
65.0
216.0
370.0
268.0
369.0
261.0
0.0
318.0
385.0
97.0
453.0
183.0
335.0
329.0
191.0
294.0
512.0
96.0
470.0
392.0
182.0
381.0
237.0
306.0
286.0
387.0
296.0
250.0
356.0
144.5
518.5
414.0
161.0
397.0
80.0
191.0
91.0
195.0
338.0
386.0
148.0
214.0
219.0
215.0
378.0
314.0
259.0
259.666666667
320.0
377.0
166.5
341.0
180.0
313.0
172.0
341.0
151.0
191.0
340.0
276.0
315.0
239.0
315.0
304.666666667
284.666666667
208.0
394.0
216.0
359.0
173.0
406.0
114.0
96.0
312.0
393.0
296.0
359.0
310.0
249.0
336.0
142.0
255.0
132.0
265.0
324.0
38.0
255.0
212.0
417.0
325.0
199.0
233.0
99.0
335.0
244.0
251.0
326.0
314.0
407.0
230.0
352.0
370.0
201.0
409.0
118.0
307.0
430.0
384.0
307.0
219.0
418.0
341.0
116.0
184.0
398.0
229.5
359.0
215.0
304.0
396.0
205.0
353.666666667
262.0
292.0
267.0
214.5
328.0
164.0
124.0
296.0
239.0
406.0
20.0
244.0
334.0
353.0
143.0
368.0
202.0
255.0
312.0
376.0
103.0
321.0
182.0
89.0
329.5
228.0
440.5
372.0
149.0
262.0
352.0
335.0
294.0
423.0
268.0
336.0
229.0
269.0
117.0
257.0
280.0
25.0
254.0
370.0
163.0
247.0
190.0
300.0
144.0
60.0
239.0
260.0
178.0
186.0
396.5
237.5
358.0
209.0
337.0
353.0
150.0
161.0
302.0
162.0
376.0
164.0
250.0
356.0
275.0
171.5
395.0
45.0
261.0
105.0
336.0
433.0
70.0
112.0
418.0
179.0
358.0
415.0
142.0
292.0
88.0
15.0
381.0
314.0
267.0
274.0
142.0
432.0
241.0
338.5
198.5
127.0
299.0
350.0
34.0
178.0
263.0
222.0
365.0
305.0
266.0
281.0
110.0
250.0
311.0
413.0
289.0
229.0
428.0
222.0
384.0
470.0
198.0
253.0
136.0
392.0
107.0
87.0
366.0
199.0
226.0
182.0
363.0
336.0
89.0
428.0
120.0
136.0
330.0
72.0
325.0
258.0
198.0
386.0
186.0
378.0
193.0
302.0
277.0
432.0
231.0
211.0
367.0
263.0
360.0
266.0
348.0
288.0
271.0
236.0
291.0
301.0
358.666666667
241.0
361.5
295.0
293.0
367.0
220.0
302.0
519.0
425.5
280.5
260.333333333
286.0
91.0
314.0
231.0
393.0
175.0
337.0
387.0
106.0
255.5
316.0
270.0
220.0
90.0
224.0
241.0
357.0
210.0
392.0
290.0
347.0
352.666666667
399.333333333
130.0
372.0
82.0
381.0
134.0
275.0
440.0
196.0
114.0
265.0
241.0
87.0
302.0
151.0
249.0
418.0
159.0
369.0
335.0
333.0
429.0
108.0
228.0
433.0
259.0
383.0
91.0
327.0
231.0
293.0
276.0
268.0
214.0
396.0
214.0
184.0
225.0
320.0
408.0
146.0
273.0
239.0
96.0
413.0
339.0
341.0
220.0
119.0
376.0
171.0
386.0
271.0
20.0
368.0
280.5
354.5
393.0
237.0
245.0
264.0
326.0
431.0
329.0
277.0
284.0
379.0
91.0
435.0
285.0
367.0
320.333333333
314.0
246.0
330.0
281.0
260.0
258.0
196.0
352.0
172.0
302.0
189.0
360.0
157.0
404.0
209.0
340.0
182.0
267.0
183.0
179.0
250.0
202.0
204.0
209.0
285.0
321.0
234.0
394.0
290.0
401.0
346.0
333.0
232.0
373.0
362.0
145.0
487.0
209.0
404.0
291.0
289.0
430.0
152.0
218.0
438.0
380.0
233.0
211.0
306.0
167.0
342.0
341.0
291.0
279.0
401.0
246.0
359.0
371.0
161.0
403.0
57.0
208.0
20.0
313.0
306.0
379.0
202.0
321.0
203.0
237.0
308.0
64.0
281.0
275.0
115.0
276.0
216.0
88.0
326.0
298.0
259.0
337.0
400.0
311.0
364.0
344.0
199.0
95.0
440.0
116.0
266.0
361.0
319.0
448.0
204.0
431.0
300.0
174.0
337.0
297.0
244.0
463.0
175.0
136.0
431.0
150.0
190.0
305.0
239.0
165.0
267.0
436.0
115.0
357.0
93.0
197.0
298.0
182.0
216.0
374.0
186.0
422.0
112.0
261.0
216.0
353.0
201.0
31.0
303.0
187.0
210.0
278.0
153.0
327.0
118.0
321.0
234.0
66.0
290.0
197.0
443.0
32.0
320.0
187.0
376.0
184.0
152.0
286.0
414.0
62.0
355.0
100.0
320.0
275.0
283.0
258.0
237.0
66.0
377.0
145.0
266.0
212.0
308.0
207.0
144.0
294.0
30.0
165.0
398.0
462.0
179.0
311.0
329.0
422.0
201.0
273.0
358.0
327.0
220.0
403.0
225.0
450.0
212.0
156.0
386.0
346.0
82.0
257.0
237.0
279.0
329.0
267.0
244.0
328.0
393.0
334.0
203.0
195.0
448.0
348.0
292.0
328.0
120.0
392.0
170.0
239.0
391.0
467.0
102.0
213.0
259.0
330.0
163.0
317.0
149.0
418.0
46.0
207.0
394.0
106.0
301.0
239.0
342.0
170.666666667
207.0
66.0
156.0
135.5
318.5
419.0
182.0
212.0
313.0
161.0
270.0
141.0
179.0
152.0
331.0
319.0
233.0
146.0
287.0
82.0
338.0
283.0
264.0
296.0
369.5
205.0
323.0
164.0
45.0
364.0
249.0
226.0
419.0
211.0
361.0
158.0
396.0
203.0
388.0
293.0
261.0
228.0
277.0
163.0
327.0
415.0
263.0
370.0
263.0
192.5
433.5
260.0
256.0
510.0
192.0
128.0
322.0
134.0
418.0
339.0
290.0
489.0
194.0
268.0
395.0
303.0
295.0
307.0
200.0
323.0
195.0
383.0
347.0
202.0
420.0
255.0
174.0
297.0
209.0
338.0
319.0
140.0
353.0
408.0
78.0
110.0
379.0
127.0
275.0
138.0
390.0
228.0
343.0
387.0
279.0
331.0
319.333333333
394.0
179.0
210.0
429.0
259.0
440.0
412.0
306.0
15.0
386.0
171.0
279.0
376.0
197.0
389.0
81.0
120.0
405.0
194.0
234.0
339.0
215.0
243.0
307.0
161.0
108.0
131.0
151.0
220.0
116.0
264.0
369.0
364.0
148.0
301.0
310.0
278.0
295.0
182.0
372.0
276.0
155.0
391.0
75.0
194.0
293.0
104.0
351.0
324.0
234.0
207.0
270.0
101.0
373.0
329.0
188.0
372.0
203.0
263.0
341.0
330.0
361.0
265.0
305.0
475.0
209.0
257.0
343.0
221.0
231.0
375.0
183.0
295.0
127.0
276.0
279.0
376.0
163.0
366.0
269.0
407.0
152.0
81.0
398.0
172.0
325.0
244.0
375.0
305.0
70.0
330.0
159.0
230.0
274.0
386.0
110.0
214.0
313.0
243.0
349.0
385.0
209.0
265.0
409.0
233.0
296.0
308.0
416.0
295.5
341.0
127.0
231.0
383.0
222.0
353.0
86.0
245.0
321.0
268.0
338.0
259.5
425.0
319.0
249.0
426.0
292.0
344.0
296.0
75.0
471.0
228.0
378.0
374.0
44.0
633.0
96.0
167.0
287.0
341.0
143.0
297.0
250.0
440.0
165.0
140.0
436.0
252.0
308.0
383.0
200.0
199.0
359.0
139.0
368.0
317.0
281.0
301.0
201.0
217.0
247.0
103.0
319.0
239.0
431.0
311.0
280.0
401.0
150.0
469.0
15.0
363.0
81.0
375.0
250.0
148.0
378.0
387.0
210.0
279.0
382.0
116.0
180.0
174.0
272.0
207.0
316.0
407.0
172.0
266.0
192.0
390.0
119.0
136.0
246.0
197.0
325.0
296.0
248.0
327.0
229.0
410.0
198.0
337.0
260.0
321.333333333
366.0
248.5
344.0
82.0
139.0
144.0
310.0
345.0
158.0
336.0
362.0
356.0
133.0
45.0
452.0
377.0
277.0
255.0
308.0
202.0
180.0
197.0
5.0
212.0
211.0
336.0
172.0
198.0
381.0
378.0
195.0
370.0
270.0
231.0
397.0
342.0
134.0
362.0
337.0
204.0
232.0
359.0
250.0
208.0
364.0
169.0
221.0
331.0
248.0
255.5
331.5
124.0
534.0
139.5
403.5
254.0
201.0
223.0
402.0
336.0
173.0
124.0
398.0
286.0
180.0
136.0
409.0
271.0
231.0
380.0
119.0
208.0
274.0
359.0
249.0
285.0
324.0
460.0
126.0
275.5
143.0
194.0
393.0
299.0
190.0
351.0
107.0
244.5
317.5
255.0
364.0
302.0
282.0
295.0
230.0
188.0
391.0
68.0
437.0
279.0
282.0
431.0
70.0
264.0
385.0
177.0
167.0
262.0
177.0
315.0
263.0
366.0
225.0
163.0
344.0
157.0
423.0
356.0
289.0
464.0
191.0
205.0
347.0
178.0
328.0
241.0
302.0
180.0
396.0
326.0
262.0
168.0
392.0
225.0
372.0
330.0
228.0
260.0
345.0
202.0
358.0
166.0
291.0
282.0
277.0
264.0
323.0
389.0
219.0
136.0
175.0
210.666666667
267.333333333
243.0
246.0
155.0
238.0
161.0
507.0
142.0
171.0
415.0
57.0
376.0
175.0
414.0
93.0
401.0
107.0
223.0
169.0
255.0
295.0
402.0
129.0
314.0
202.0
235.0
193.0
381.0
261.0
226.0
295.0
50.0
179.0
262.0
206.0
204.0
157.0
439.0
34.0
518.0
153.0
358.0
140.0
278.0
227.0
326.0
99.0
265.0
137.0
245.0
176.0
407.0
257.0
386.0
257.0
173.0
347.0
137.5
393.0
303.0
324.0
439.0
233.0
253.333333333
384.333333333
232.0
360.0
410.0
413.0
129.0
279.0
267.0
86.0
393.0
151.0
229.0
206.0
266.0
369.0
433.0
203.0
173.0
370.0
223.0
271.0
71.0
421.0
169.0
362.0
269.0
251.0
379.0
189.0
359.0
130.0
258.0
41.0
260.0
276.0
65.0
183.0
136.0
107.0
48.0
301.0
355.0
116.0
392.0
226.0
280.0
264.0
136.0
431.0
314.0
229.0
195.0
378.0
245.0
272.0
25.0
399.0
358.0
221.0
319.5
368.5
119.0
441.0
342.0
205.0
409.0
261.0
139.0
225.0
360.0
235.0
229.0
234.5
219.0
202.0
134.0
241.0
207.5
446.0
156.0
306.0
327.0
242.0
383.0
51.0
374.0
190.0
439.0
147.0
148.0
389.0
163.0
430.0
278.0
322.0
248.0
297.5
290.0
433.0
348.0
239.0
271.333333333
315.666666667
5.0
134.0
209.0
293.0
316.0
317.0
223.0
388.0
331.0
399.0
177.0
467.0
230.0
443.0
291.0
299.0
283.0
441.0
167.0
370.0
347.0
75.0
293.0
408.0
240.0
165.0
132.0
274.0
186.0
50.0
279.0
267.0
194.0
403.0
238.0
320.666666667
178.0
313.0
324.0
10.0
229.0
371.0
382.0
165.0
246.0
251.0
126.0
91.0
270.0
253.0
220.0
292.0
258.0
340.0
204.0
95.0
331.0
134.0
337.0
298.0
241.0
257.0
212.0
439.0
143.0
565.0
295.0
178.0
282.0
229.0
274.0
234.0
345.0
327.0
340.0
408.0
187.0
282.0
290.0
213.0
236.0
272.0
202.0
269.0
406.0
215.0
226.0
105.0
109.0
325.0
349.0
282.0
325.0
208.0
303.0
388.5
261.0
287.0
249.0
336.0
346.0
211.0
178.0
398.0
391.0
195.0
324.0
347.0
169.0
465.0
182.0
252.0
446.0
30.0
399.0
120.0
72.0
477.0
389.666666667
251.333333333
300.0
284.0
275.0
187.0
147.0
376.0
156.0
280.0
94.0
292.0
169.0
413.0
172.0
240.0
412.0
178.0
357.0
56.0
410.0
179.0
380.0
233.0
302.0
204.0
75.0
191.0
309.0
160.0
392.0
336.0
375.0
124.0
383.0
178.0
160.0
405.0
144.0
289.0
237.0
351.0
264.0
183.0
382.0
382.0
265.0
259.0
466.0
88.0
351.0
266.0
194.0
293.0
317.0
264.0
271.0
355.0
208.0
346.0
297.0
311.0
69.0
420.0
334.0
173.0
240.0
223.0
294.0
196.0
130.0
444.0
400.0
206.0
438.0
94.0
283.0
206.0
324.0
207.0
170.0
260.0
351.0
203.0
35.0
405.0
335.0
306.0
346.0
15.0
219.0
379.0
265.0
363.0
345.0
28.0
437.0
31.0
269.0
219.0
10.0
334.0
263.0
214.0
122.0
275.0
286.0
277.0
184.0
328.0
216.0
478.0
251.0
163.0
264.0
382.0
282.0
235.0
464.0
229.0
362.0
282.0
370.0
86.0
160.0
350.0
53.0
306.0
358.0
30.0
348.0
250.0
371.0
179.0
414.0
197.0
265.0
306.0
323.0
245.0
300.0
393.0
303.0
316.0
350.0
88.0
129.0
288.0
365.0
266.0
340.0
304.0
347.0
231.0
468.0
323.0
306.0
603.0
210.0
363.0
101.0
233.0
298.0
195.0
231.0
216.0
233.0
378.0
70.0
430.0
191.0
170.0
248.0
427.5
243.0
390.0
217.0
387.0
10.0
122.0
407.0
15.0
418.0
244.0
40.0
354.0
104.0
230.0
106.0
294.0
58.0
334.0
363.0
242.0
436.0
25.0
415.0
169.0
258.0
341.0
214.0
317.0
127.0
334.0
283.0
289.0
55.0
243.0
302.0
284.0
58.0
375.0
223.0
224.0
286.0
370.0
253.0
124.0
98.0
326.0
260.0
265.0
251.0
262.0
145.0
189.0
145.0
388.0
80.0
382.0
282.0
229.0
101.0
150.0
311.0
266.0
353.0
306.0
75.0
322.0
430.0
284.0
299.0
347.0
285.0
225.0
10.0
393.0
356.0
282.0
338.0
259.0
402.0
129.0
142.0
241.0
395.0
230.0
212.0
359.0
244.0
214.0
286.0
210.0
122.0
32.0
271.0
369.0
227.0
413.0
255.0
323.0
196.0
398.0
325.0
205.0
194.0
304.0
214.0
310.0
187.0
309.0
342.0
286.0
401.0
278.0
240.0
380.0
329.0
25.0
307.0
283.0
155.0
299.0
199.0
250.0
245.0
378.0
175.0
381.0
257.0
407.0
211.0
302.0
261.0
409.0
302.0
258.0
223.0
384.0
179.0
330.0
129.0
381.0
305.0
166.0
401.0
305.0
348.0
32.0
449.0
137.0
137.0
548.0
302.0
232.0
233.5
425.0
452.0
267.0
194.0
330.0
164.0
404.0
307.0
401.0
285.0
351.0
458.0
204.0
290.0
240.0
258.0
302.0
30.0
212.0
330.0
342.0
90.0
379.0
95.0
241.0
139.0
260.0
245.0
524.0
67.0
418.0
431.0
107.0
266.0
168.0
344.0
183.0
403.5
255.0
181.0
265.0
267.0
435.0
371.0
327.0
405.0
235.0
176.0
268.0
183.0
431.0
366.0
144.0
296.0
177.0
297.0
337.0
135.0
355.0
153.0
284.0
278.0
257.0
310.0
293.0
365.0
99.0
229.0
307.0
91.0
421.0
361.0
91.0
301.0
300.0
374.0
274.0
202.0
367.0
143.0
370.0
294.0
235.0
338.0
185.0
299.666666667
357.0
339.0
250.0
107.0
271.0
310.0
146.0
250.0
372.0
264.0
290.0
580.0
192.0
224.0
347.0
64.0
232.0
114.0
190.0
423.0
282.0
189.0
313.0
413.0
191.0
307.0
276.0
291.0
160.0
196.0
226.0
257.0
311.0
404.0
146.0
241.5
446.0
272.0
307.0
512.0
390.0
189.0
276.0
384.0
275.0
416.0
212.0
336.0
69.0
189.0
352.0
175.0
136.0
565.0
111.0
173.0
344.0
264.0
325.0
25.0
435.0
72.0
255.0
214.0
330.0
360.0
220.0
301.0
241.0
91.0
250.0
312.0
281.0
379.0
283.0
116.0
410.0
310.0
183.0
351.0
213.0
80.0
214.0
65.0
304.0
79.0
370.0
227.0
165.0
277.0
178.0
282.0
133.0
240.0
393.0
164.0
360.0
464.0
232.0
391.5
194.5
381.0
228.0
112.0
434.0
377.0
158.0
220.0
351.0
109.0
359.0
454.0
178.0
283.0
198.0
204.0
320.0
305.0
279.0
80.0
408.0
341.0
173.0
241.0
396.0
171.5
325.0
178.0
317.0
191.0
349.0
194.5
401.5
322.0
286.0
402.0
133.0
379.0
121.0
172.0
387.0
137.0
268.0
396.0
176.0
235.0
227.0
391.0
249.0
265.666666667
324.333333333
199.0
226.0
326.0
139.0
204.0
350.0
110.0
335.0
351.0
283.0
65.0
324.0
306.0
188.0
324.0
194.0
291.0
424.0
333.0
90.0
155.0
275.0
395.0
139.0
251.0
131.0
429.0
192.0
218.0
250.0
408.0
147.0
186.0
385.0
257.0
35.0
248.0
422.0
256.0
330.5
304.0
221.0
394.0
247.0
146.0
301.0
340.0
191.0
123.0
314.0
309.0
333.0
