(4193, 2)
260.333333333
286.0
243.0
246.0
383.0
178.0
330.0
163.0
289.0
142.0
234.0
290.0
349.0
225.0
255.0
319.0
317.0
149.0
175.0
337.0
173.0
370.0
247.0
318.0
143.0
409.0
255.5
316.0
252.333333333
223.666666667
262.0
370.0
248.0
324.0
241.0
224.0
377.0
224.0
423.0
128.0
473.0
185.0
75.0
361.0
302.0
325.0
219.0
360.0
152.0
367.0
196.0
436.0
55.0
428.0
389.0
239.0
193.0
8.0
359.0
175.0
327.0
60.0
371.0
80.0
241.0
247.0
266.0
168.0
239.0
144.0
370.0
109.0
391.5
194.5
344.0
183.0
190.0
378.0
198.0
381.0
184.0
336.0
214.0
368.0
187.0
232.0
164.0
74.0
343.0
320.0
334.0
267.0
188.0
391.0
447.0
223.0
265.0
256.0
206.5
379.0
406.0
218.0
266.0
192.0
369.0
290.0
348.0
205.0
220.0
307.0
75.0
471.0
221.0
225.0
297.0
311.0
260.0
278.0
321.0
293.0
306.0
326.0
76.0
260.0
207.5
446.0
156.0
306.0
206.0
406.0
339.0
331.0
327.0
242.0
252.0
482.0
201.0
354.0
383.0
51.0
374.0
190.0
439.0
147.0
148.0
389.0
151.0
790.0
291.0
160.0
401.0
209.0
360.0
290.0
304.0
262.0
539.0
197.0
230.0
340.0
206.0
264.0
258.0
341.0
144.0
406.0
196.0
226.0
360.0
225.0
231.0
471.0
206.0
261.0
100.0
387.0
148.0
309.0
420.0
183.0
164.0
216.0
147.0
390.0
276.0
113.0
358.0
147.0
26.0
407.0
193.0
404.0
134.0
388.0
195.0
283.0
164.0
45.0
282.0
354.0
145.0
189.0
253.0
136.0
100.0
406.0
425.0
155.0
244.0
379.0
392.0
107.0
392.0
95.0
154.0
305.0
139.0
463.0
315.0
51.0
181.0
340.0
90.0
324.0
364.0
248.0
215.0
394.0
194.0
349.0
361.0
252.0
272.0
317.0
230.0
399.0
254.0
365.0
237.0
256.0
171.0
234.0
337.0
315.0
407.0
130.0
203.0
359.0
356.0
187.0
369.0
250.0
410.0
250.0
243.0
341.0
187.0
215.0
310.0
242.0
137.5
309.5
111.0
253.0
66.0
156.0
219.0
128.0
363.0
193.0
223.0
384.0
307.0
441.0
296.0
248.0
241.0
302.0
250.0
279.0
177.0
326.0
384.0
275.0
302.0
206.0
402.0
133.0
120.0
454.0
295.0
178.0
190.0
320.0
196.0
398.0
340.0
191.0
314.0
352.0
426.0
310.0
325.0
156.0
306.0
359.0
123.0
314.0
339.0
270.0
221.0
420.0
324.0
347.0
436.0
273.0
194.0
304.0
260.0
285.5
229.0
69.0
329.0
129.0
397.0
30.0
177.0
322.0
239.0
342.0
60.0
291.0
290.0
191.0
235.0
193.0
291.0
249.0
306.0
452.0
210.0
339.0
207.0
144.0
284.666666667
255.666666667
239.0
382.0
340.0
130.0
366.0
233.0
111.0
332.0
412.0
178.0
468.0
117.0
119.0
441.0
257.0
392.0
342.0
205.0
232.0
252.0
389.0
68.0
397.0
80.0
180.0
405.5
253.0
367.5
205.0
250.0
389.0
102.0
165.0
133.0
306.0
286.0
307.0
265.0
211.0
367.0
282.0
383.0
295.0
230.0
334.0
315.0
394.0
247.0
238.5
483.0
45.0
261.0
339.0
215.0
25.0
310.0
347.0
214.0
142.0
171.0
163.0
344.0
309.0
170.0
494.0
78.0
210.0
230.0
134.0
418.0
102.0
171.0
149.0
369.0
128.0
246.0
184.0
315.0
243.0
390.0
358.0
221.0
512.0
390.0
220.0
392.0
224.0
347.0
363.0
176.0
238.0
446.0
215.0
74.0
122.0
275.0
210.0
360.0
73.0
390.0
199.0
226.0
348.0
364.0
145.0
176.0
106.0
441.0
436.0
25.0
450.0
189.0
248.5
405.5
164.0
295.0
217.0
237.0
237.0
148.0
249.0
222.0
169.0
339.0
286.0
316.0
294.0
383.0
454.0
183.0
119.0
259.0
254.5
434.0
411.0
217.0
193.0
227.0
344.0
296.0
208.0
346.0
390.0
119.0
362.0
112.0
236.0
372.0
128.0
473.0
210.0
409.0
358.0
140.0
260.0
355.0
130.0
435.0
430.0
206.0
345.0
275.0
352.0
65.0
126.0
345.0
117.0
475.0
176.0
225.0
296.0
109.0
10.0
375.0
94.0
324.0
181.0
252.0
134.0
409.0
265.0
363.0
345.0
28.0
64.0
349.0
158.0
356.0
374.0
118.0
243.0
237.0
352.0
162.0
45.0
452.0
217.0
296.0
364.0
249.0
226.0
419.0
410.0
413.0
113.0
391.0
179.0
98.0
70.0
325.0
349.0
226.0
341.0
291.0
347.0
301.0
367.0
220.0
240.0
380.0
275.0
366.0
437.0
120.0
148.0
431.0
209.0
306.0
63.0
412.0
234.0
190.0
98.0
246.0
305.0
195.0
360.0
194.0
225.0
232.0
202.0
292.0
346.0
159.0
358.0
142.0
20.0
467.0
141.0
446.0
137.0
370.0
240.0
389.0
254.0
346.0
194.0
293.0
235.0
444.0
382.0
165.0
139.0
244.0
303.0
153.0
101.0
373.0
330.0
361.0
354.0
103.0
316.0
267.0
367.0
328.0
384.0
307.0
237.5
358.0
164.0
124.0
414.0
93.0
210.0
351.0
353.0
150.0
271.0
341.0
323.0
277.0
32.0
320.0
240.0
393.0
368.0
202.0
345.0
158.0
356.0
275.0
402.0
129.0
194.666666667
294.333333333
447.0
30.0
392.0
172.0
176.0
194.0
318.0
208.0
380.0
91.0
303.0
327.0
381.0
228.0
110.0
404.0
340.0
182.0
370.0
270.0
190.0
231.0
303.5
383.0
403.5
255.0
428.0
120.0
188.0
326.0
367.0
104.0
375.0
183.0
248.0
422.0
280.0
384.0
370.0
281.0
407.333333333
287.666666667
225.0
371.0
131.0
381.0
371.0
108.0
101.0
431.0
359.0
249.0
425.0
208.0
126.0
364.0
286.0
370.0
463.0
276.0
252.0
246.0
214.0
371.0
407.0
96.0
430.0
152.0
254.0
220.0
355.0
61.0
218.0
438.0
75.0
339.0
73.0
354.0
429.0
196.0
155.0
254.0
135.0
347.0
273.0
187.0
241.0
41.0
336.0
172.0
378.0
200.0
155.0
275.0
445.0
278.0
172.0
344.0
146.0
301.0
205.0
235.0
280.0
404.0
207.0
507.5
407.0
144.0
50.0
283.0
98.0
326.0
155.0
392.0
417.0
326.0
360.0
110.0
262.0
526.0
182.0
363.0
258.0
196.0
336.0
89.0
215.0
340.0
546.0
149.0
159.0
187.0
355.0
207.0
279.0
191.0
134.0
344.0
107.0
392.0
358.0
273.0
323.0
195.0
230.0
313.0
378.0
254.0
248.0
155.0
274.0
245.0
342.0
66.0
304.0
149.0
341.0
183.0
286.0
240.0
307.0
316.0
145.0
84.0
347.0
334.0
337.0
110.0
255.0
152.0
361.0
235.0
280.0
265.0
269.0
368.5
252.0
250.0
192.0
363.0
209.0
326.0
79.0
345.0
255.0
364.0
48.0
301.0
355.0
116.0
371.0
179.0
265.0
417.0
250.0
356.0
265.0
329.0
311.0
266.0
324.0
234.0
207.0
270.0
17.0
244.0
313.0
257.0
240.0
421.0
156.0
275.0
353.0
306.0
399.0
231.0
205.0
353.0
384.0
189.0
259.0
374.0
193.0
404.0
392.0
125.0
406.0
57.0
397.0
275.0
395.0
142.0
281.0
404.0
201.0
340.0
200.0
363.0
229.0
375.0
133.0
370.0
387.0
117.0
204.0
360.0
331.0
319.333333333
288.5
419.0
321.0
357.0
294.0
324.0
332.0
159.0
349.0
325.0
387.0
324.0
349.0
332.0
380.0
181.0
186.0
368.0
310.0
359.0
402.0
275.0
318.0
323.0
311.0
203.0
390.0
306.0
241.0
236.0
285.0
324.0
280.0
298.0
197.0
378.0
95.0
380.0
101.0
370.0
197.0
396.0
403.0
242.0
405.0
235.0
346.0
211.0
340.0
228.0
150.0
378.0
52.0
503.0
243.0
431.0
354.0
235.0
91.0
435.0
172.0
387.0
377.0
158.0
366.0
144.0
195.0
168.0
434.0
107.0
377.0
250.0
229.0
423.0
357.0
249.0
383.0
122.0
202.0
420.0
373.0
223.0
466.0
162.0
276.5
375.0
220.0
220.0
402.0
111.0
152.0
472.0
248.0
383.0
218.0
434.0
474.0
242.0
96.0
389.0
472.0
181.0
297.0
405.0
335.0
198.0
15.0
50.0
251.0
119.0
271.0
210.0
218.0
253.0
28.0
266.0
379.0
111.0
227.0
77.0
121.0
335.0
333.0
90.0
377.0
76.0
205.0
225.0
108.0
281.0
329.0
33.0
111.0
346.0
94.0
365.0
103.0
383.0
367.0
305.0
221.0
178.0
51.0
454.0
224.0
118.0
237.0
300.0
396.0
205.0
396.0
176.0
325.0
299.0
273.0
293.0
158.0
161.0
324.0
194.0
296.0
369.5
442.0
35.0
342.0
93.0
258.0
415.0
297.0
168.0
398.0
139.0
338.0
327.0
261.0
437.0
260.0
276.0
331.0
245.0
249.0
284.0
232.0
347.0
450.0
39.0
274.0
398.0
165.0
413.0
56.0
445.0
218.0
161.0
99.0
416.0
51.0
426.0
146.0
367.0
259.0
175.0
204.0
295.0
275.666666667
316.333333333
317.0
160.0
129.0
382.0
198.0
248.0
235.0
397.0
303.0
324.0
450.0
293.0
311.0
297.0
430.0
206.0
409.0
227.0
409.0
167.0
229.5
359.0
345.0
116.0
217.0
302.0
178.0
263.0
166.0
208.0
305.0
364.0
168.0
390.0
60.0
319.0
338.5
198.5
51.0
409.0
215.0
304.0
196.0
302.0
255.0
174.0
50.0
408.0
338.0
185.0
299.666666667
357.0
209.0
235.0
411.0
83.0
346.0
15.0
146.0
229.0
153.0
284.0
325.0
120.0
132.0
437.0
15.0
386.0
309.0
160.0
316.0
60.0
26.0
140.0
116.0
265.0
257.333333333
262.666666667
265.0
55.0
179.0
297.0
244.0
143.0
135.5
318.5
44.0
590.0
258.0
237.0
437.0
31.0
350.0
190.0
319.0
172.0
57.0
369.0
336.0
229.0
142.0
241.0
80.0
394.0
318.0
231.0
216.0
327.0
497.0
46.0
389.0
81.0
251.0
326.0
328.0
393.0
270.0
348.333333333
173.0
234.0
210.0
369.0
264.0
482.0
377.0
189.0
250.0
293.0
95.0
297.0
342.0
266.0
263.0
257.0
231.0
527.0
332.0
257.0
272.0
368.0
200.0
384.0
288.0
277.0
305.0
55.0
168.0
279.0
353.0
210.0
150.0
342.0
151.0
388.0
303.0
274.0
278.0
331.0
316.0
165.0
385.0
282.0
240.0
119.0
198.5
422.5
262.0
407.0
395.0
296.0
285.0
321.0
287.0
270.0
295.0
388.0
175.0
298.0
129.0
374.0
427.0
196.0
419.0
75.0
470.0
292.0
90.0
433.0
248.0
428.0
373.5
232.5
184.0
404.0
296.0
398.0
294.0
260.0
346.0
247.0
109.0
420.0
442.0
70.0
260.666666667
246.666666667
279.0
337.0
386.0
110.0
169.0
402.0
364.0
380.0
438.0
192.0
401.0
346.0
448.0
204.0
260.0
265.0
226.0
470.0
236.0
425.0
426.0
292.0
402.0
87.0
179.0
601.0
176.0
339.0
148.0
319.0
278.0
419.0
69.0
420.0
467.0
303.0
425.0
209.0
310.0
194.0
380.0
233.0
211.0
306.0
167.0
342.0
103.0
343.0
189.5
380.0
51.0
275.0
324.0
207.0
155.0
299.0
187.0
224.0
20.0
292.0
311.0
102.0
339.0
20.0
55.0
357.0
254.0
106.0
283.0
264.0
144.0
373.0
167.0
363.0
351.0
259.0
307.0
200.0
345.0
25.0
109.0
336.0
260.0
343.0
142.0
357.0
285.0
349.0
278.0
113.0
225.0
308.0
276.0
279.0
95.0
440.0
55.0
368.0
405.0
41.0
124.0
398.0
273.0
239.0
227.0
418.0
165.0
311.0
12.0
344.0
210.0
433.5
189.0
451.0
334.0
233.0
351.0
206.0
235.0
199.0
83.0
339.0
40.0
424.0
388.0
223.0
420.0
206.0
269.0
367.0
238.5
440.0
40.0
282.0
207.0
349.0
392.0
182.0
143.0
466.0
201.0
404.0
364.0
180.0
296.0
405.0
271.0
336.0
232.0
395.0
456.0
188.0
229.0
428.0
40.0
169.0
299.0
205.0
300.0
393.0
335.0
333.0
422.0
201.0
399.0
120.0
265.0
383.0
254.0
308.0
72.0
477.0
374.0
231.0
171.0
279.0
269.0
117.0
243.0
424.0
440.0
196.0
191.0
170.0
175.0
381.0
179.0
330.0
451.0
234.0
146.0
206.0
113.0
287.0
36.0
420.0
297.0
243.0
416.0
241.0
65.0
324.0
253.0
231.0
214.0
396.0
333.0
394.0
264.0
214.0
428.0
252.0
204.0
232.0
351.0
283.0
157.0
378.0
290.0
246.0
209.0
321.0
220.0
196.0
261.0
259.0
199.0
348.666666667
387.0
20.0
109.0
309.0
293.0
48.0
357.0
56.0
301.0
278.0
380.0
252.0
35.0
328.0
410.0
179.0
407.0
149.0
140.0
353.0
377.0
277.0
225.0
426.0
294.0
325.0
277.0
178.0
151.0
45.0
357.0
160.0
423.0
282.0
138.0
390.0
207.0
287.0
197.0
5.0
370.0
263.0
320.0
7.0
324.0
153.0
182.0
352.0
104.0
252.0
355.0
119.0
358.0
223.0
422.0
101.0
249.0
273.0
236.0
289.0
290.0
347.0
204.0
271.0
278.0
257.0
352.0
173.0
312.0
393.0
407.0
152.0
115.0
356.0
327.0
207.0
110.0
373.0
220.0
356.0
311.333333333
361.0
269.0
251.0
381.0
176.0
361.0
305.0
379.0
189.0
365.0
259.0
257.0
422.0
342.0
134.0
482.0
76.0
437.0
244.0
187.0
336.0
148.0
392.0
243.0
376.0
173.0
406.0
177.666666667
331.333333333
329.0
125.0
435.0
53.0
82.0
381.0
159.0
411.0
208.0
364.0
25.0
254.0
143.0
373.0
422.0
285.0
228.0
440.5
285.0
351.0
267.0
269.0
196.0
151.0
423.0
120.0
374.0
146.0
180.0
326.0
96.0
470.0
188.0
422.5
68.0
343.0
227.0
334.0
361.0
185.0
202.0
273.0
140.0
416.0
277.0
239.0
147.0
246.0
160.0
404.0
226.0
382.0
300.0
282.0
377.0
104.0
280.0
415.0
312.0
215.0
346.0
55.0
20.0
341.0
388.0
100.0
261.0
158.0
181.0
278.0
337.0
243.0
350.0
227.0
216.0
370.0
429.0
248.0
333.0
93.0
233.0
206.0
194.0
398.5
318.0
409.0
334.0
239.0
152.0
370.0
317.0
346.0
84.0
342.0
361.0
294.0
321.0
212.0
274.0
307.0
407.5
218.0
368.0
250.0
87.0
238.0
403.0
177.0
277.0
316.0
96.0
390.0
188.0
416.0
383.0
72.0
373.0
209.0
379.0
390.0
361.0
106.0
228.0
259.0
376.5
292.0
202.5
255.0
407.0
257.0
386.0
257.0
446.0
155.0
288.0
226.0
334.0
243.0
438.0
94.0
392.0
220.0
265.0
305.0
294.0
196.0
161.0
367.0
344.0
94.0
166.0
352.0
382.0
150.0
329.0
232.0
370.0
263.0
208.0
20.0
360.0
235.0
320.0
143.0
61.0
418.0
368.0
256.0
223.0
244.0
478.0
110.0
441.0
206.0
237.0
128.0
339.0
250.0
395.0
230.0
220.0
439.0
277.0
337.0
193.0
504.0
223.0
224.0
380.0
233.0
285.0
373.0
174.0
444.0
93.0
227.0
96.0
136.0
98.0
225.0
66.0
91.0
203.0
227.0
312.0
25.0
176.0
192.0
295.0
220.0
283.0
452.5
253.0
206.0
90.0
133.0
350.0
242.0
451.0
307.0
165.0
281.0
385.0
284.0
208.0
195.0
15.0
388.0
168.0
329.0
160.0
270.0
222.0
188.0
224.0
323.0
329.0
170.0
156.0
246.0
47.0
390.0
226.5
365.0
188.0
71.0
110.0
379.0
217.0
385.0
259.0
360.0
42.0
435.0
296.0
209.0
310.0
183.0
290.0
135.0
202.0
180.0
264.0
187.0
267.0
183.0
179.0
250.0
202.0
204.0
353.0
278.0
220.0
119.0
226.0
250.0
286.0
239.0
235.0
351.0
209.0
285.0
171.0
330.0
170.0
405.0
186.0
572.0
120.5
471.5
131.0
458.0
415.0
142.0
371.0
108.0
261.0
409.0
458.0
204.0
247.0
389.0
386.0
256.0
184.0
398.0
212.0
354.0
72.0
255.0
395.0
234.0
361.0
106.0
294.0
355.0
228.0
343.0
122.0
269.0
355.0
149.0
294.0
298.0
298.0
259.0
310.0
71.0
297.0
224.0
220.0
294.0
190.0
203.0
340.0
32.0
331.0
403.0
239.0
349.0
246.0
78.0
36.0
428.0
229.0
145.0
312.0
258.0
260.0
236.0
177.0
387.0
341.0
115.0
331.333333333
271.0
298.0
279.0
321.0
234.0
190.0
325.0
267.0
435.0
59.0
448.0
265.0
259.0
416.0
194.0
310.5
425.0
314.0
413.5
454.0
218.0
82.0
273.0
144.0
517.0
231.0
382.0
353.0
304.0
397.0
35.0
177.0
451.0
381.0
216.0
228.0
235.0
242.0
420.0
366.0
83.0
242.0
324.0
338.0
94.0
83.0
195.0
317.0
273.0
230.0
298.0
334.0
168.0
269.0
117.0
382.0
101.0
118.0
37.0
383.0
246.0
365.0
197.0
195.0
336.0
379.0
265.0
294.0
331.0
462.0
179.0
163.0
430.0
360.0
256.0
410.0
261.0
452.0
299.0
228.0
433.0
259.0
383.0
278.0
322.0
248.0
297.5
370.0
232.0
267.0
86.0
290.0
433.0
314.0
295.0
333.0
227.0
295.0
283.0
267.0
293.0
157.0
423.0
315.0
263.0
221.0
390.0
402.0
305.0
348.0
239.0
278.666666667
309.0
155.0
433.0
391.0
249.0
240.0
223.0
57.0
418.0
412.0
230.0
220.0
292.0
215.0
393.5
205.5
386.0
162.0
369.0
301.0
310.0
101.0
233.0
283.0
314.0
185.0
388.0
342.0
256.0
100.0
251.0
112.0
418.0
197.0
368.0
161.0
507.0
375.0
81.0
295.0
213.0
312.0
329.5
362.0
231.0
295.0
438.0
177.0
167.0
224.0
417.0
396.0
120.0
237.0
401.0
413.0
235.0
77.0
375.0
449.0
85.0
219.0
370.0
219.0
336.0
172.0
434.0
233.0
153.0
218.0
490.0
117.0
381.0
381.0
169.0
195.0
206.0
468.0
143.0
418.0
131.0
243.0
199.0
248.0
200.0
137.0
376.0
394.0
118.0
235.0
274.0
306.0
273.0
346.0
189.0
472.0
246.0
219.0
403.0
305.0
361.0
316.0
273.0
90.0
394.0
540.0
283.0
286.0
180.0
499.0
168.0
363.0
238.0
354.0
209.0
261.0
400.0
390.0
258.0
280.0
279.0
257.0
332.0
30.0
345.0
325.666666667
332.666666667
237.0
213.0
428.0
188.0
249.0
335.0
410.0
30.0
335.0
297.0
276.0
213.0
348.0
167.0
361.0
91.0
351.0
266.0
214.0
313.0
83.0
388.0
203.0
309.0
431.0
300.0
238.0
203.0
289.0
253.0
104.0
461.0
205.0
347.0
173.0
432.0
345.0
154.0
212.0
439.0
68.0
437.0
217.0
427.0
279.0
282.0
328.0
120.0
286.0
277.0
218.0
373.0
82.0
310.0
340.0
222.0
155.0
192.0
235.0
227.0
247.0
116.0
127.0
149.0
98.0
385.0
191.0
388.0
268.0
415.5
262.5
319.5
401.0
150.0
199.0
359.0
380.0
119.0
156.0
339.0
321.0
203.0
407.0
186.0
243.0
417.0
420.0
175.0
242.0
75.0
219.0
360.0
165.0
329.0
374.0
220.0
243.0
251.0
276.0
396.0
190.0
346.0
204.0
367.0
205.0
335.0
258.0
240.0
181.0
269.0
254.0
375.0
307.0
273.0
66.0
431.0
196.0
406.0
254.0
385.5
377.0
166.5
209.0
276.0
305.0
239.0
175.0
123.0
282.0
277.0
264.0
323.0
337.0
298.0
310.0
146.0
265.0
137.0
258.0
272.0
230.0
330.0
278.0
245.0
354.0
192.0
160.0
439.0
377.0
236.0
392.0
93.0
162.0
477.0
351.0
40.0
220.0
112.0
437.0
242.0
212.0
327.0
185.0
161.0
343.0
354.0
447.0
178.0
132.0
410.0
163.0
348.0
223.0
402.0
132.0
433.0
173.0
344.0
390.0
287.0
150.0
160.0
384.0
189.0
233.0
275.0
188.0
386.0
191.0
349.0
319.0
180.0
256.0
409.0
354.0
211.0
367.0
113.0
288.0
383.0
231.0
438.0
400.0
303.0
247.0
420.0
404.0
186.0
493.0
223.0
394.0
219.0
237.0
344.0
422.0
210.0
266.0
294.0
262.0
410.0
161.0
211.0
362.0
86.0
136.0
330.0
324.0
123.0
336.0
265.0
210.0
397.0
339.0
159.0
333.0
232.0
331.0
307.0
412.0
289.0
236.0
335.0
349.0
282.0
400.0
187.0
279.0
308.0
145.0
487.0
352.666666667
399.333333333
327.0
235.0
379.0
323.0
395.0
284.0
224.0
363.0
351.0
160.0
309.0
263.0
286.0
266.0
215.5
416.0
375.0
138.0
165.0
323.0
392.0
180.0
222.0
292.0
270.0
243.0
259.0
242.0
300.0
281.0
565.0
111.0
286.0
210.0
224.0
473.0
431.0
215.0
65.0
441.0
320.0
205.0
193.0
355.0
427.0
364.0
362.0
287.0
362.0
330.0
291.0
306.0
369.0
321.0
388.0
215.0
103.0
335.0
214.0
372.0
138.0
286.0
132.0
274.0
155.0
229.0
230.0
42.0
186.0
50.0
300.0
144.0
386.0
213.0
273.0
141.0
244.0
214.0
104.0
66.0
327.0
223.0
256.0
201.0
353.0
258.0
266.0
213.0
394.0
306.0
236.0
168.0
250.0
332.0
325.0
215.0
141.0
168.0
240.0
241.0
298.0
268.0
223.0
354.0
50.0
414.0
180.0
396.0
327.0
229.0
184.0
328.0
174.0
376.0
278.0
295.0
247.0
158.0
232.0
361.0
346.0
190.0
341.0
173.0
204.0
386.0
285.0
160.0
265.0
315.0
40.0
308.0
114.0
265.0
281.0
322.0
195.0
378.0
233.0
285.0
300.0
284.0
429.0
223.0
181.0
324.0
243.0
349.0
326.666666667
308.333333333
403.0
153.0
415.0
169.0
261.0
393.0
402.0
129.0
406.0
89.0
356.0
250.0
214.0
338.0
230.0
41.0
141.0
179.0
10.0
393.0
95.0
241.0
90.0
311.0
209.0
293.0
485.0
36.0
147.0
284.0
185.0
315.0
341.0
188.0
90.0
379.0
125.0
126.0
335.0
184.0
285.0
324.0
302.0
204.0
357.0
293.0
53.0
306.0
330.0
159.0
251.0
282.0
310.0
123.0
351.0
18.0
271.0
272.0
255.0
132.0
341.0
143.0
265.0
324.0
205.5
378.5
203.0
334.0
401.0
112.0
194.0
328.0
359.0
264.0
181.0
272.0
397.0
263.0
139.0
260.0
320.0
326.0
190.0
357.0
70.0
274.0
281.0
110.0
332.0
127.0
205.0
236.0
98.0
367.0
261.0
321.0
268.0
386.0
439.0
243.0
404.0
239.0
369.0
216.0
450.0
159.0
220.0
299.5
140.0
252.0
170.0
309.0
263.0
71.0
269.0
251.0
312.0
219.0
302.0
318.0
337.0
289.0
193.0
332.0
65.0
244.0
20.0
284.0
184.0
248.0
329.0
191.0
335.0
294.0
221.0
317.0
163.0
327.0
179.0
358.0
247.0
312.0
227.0
413.0
363.0
163.0
300.0
277.0
262.0
435.0
260.0
241.0
55.0
368.0
183.0
278.0
253.0
129.0
278.0
475.0
413.0
124.0
293.0
408.0
352.0
93.0
302.0
232.0
187.0
137.0
258.0
41.0
279.0
73.0
466.0
205.0
174.0
422.0
91.0
250.0
193.0
387.0
312.0
281.0
356.0
96.0
398.0
69.0
58.0
375.0
270.0
152.0
459.0
81.0
304.0
191.0
429.0
32.0
191.0
217.0
371.0
278.0
288.0
374.0
215.0
445.0
413.0
210.0
332.0
224.0
507.0
186.0
333.0
363.0
207.0
339.0
228.0
300.0
263.0
360.0
52.0
377.0
412.0
251.0
362.0
125.0
43.0
252.0
117.0
506.0
224.0
155.0
46.0
351.0
227.0
126.0
367.0
310.0
142.0
230.0
418.0
309.0
312.0
306.0
65.0
370.0
371.0
327.0
245.0
264.0
186.0
385.0
320.0
233.0
285.0
404.0
431.0
291.0
391.0
195.0
306.0
603.0
251.0
341.0
358.0
210.0
222.0
359.0
231.0
367.0
316.0
137.0
106.0
359.0
519.0
232.0
65.0
445.0
132.0
273.0
288.0
336.0
262.0
319.0
122.0
389.0
367.0
232.0
321.0
154.5
233.0
99.0
132.0
415.0
274.0
360.0
225.0
367.0
130.0
397.0
319.5
368.5
144.5
518.5
198.0
225.0
334.0
247.0
425.0
268.0
414.0
161.0
406.0
65.0
307.0
50.0
269.5
508.5
223.0
400.5
20.0
320.0
84.0
364.0
415.0
240.0
305.0
279.0
235.0
402.0
262.5
405.0
394.0
134.0
233.0
333.0
191.0
254.0
155.0
431.0
54.0
321.0
125.0
259.0
212.0
313.0
121.0
421.0
54.0
332.0
299.0
347.0
5.0
380.0
261.0
288.0
419.0
182.0
197.0
378.0
258.0
394.0
284.0
366.0
377.0
207.0
406.0
211.0
272.0
307.0
412.5
258.5
324.0
161.0
377.0
63.0
327.0
177.0
238.0
340.0
138.0
389.0
33.0
355.0
340.0
243.0
332.0
124.0
174.0
321.0
361.0
281.0
264.0
333.0
309.5
409.0
266.0
393.0
340.0
408.0
210.0
429.0
95.0
413.0
221.0
231.0
282.0
398.0
278.0
288.0
241.0
386.0
460.0
126.0
269.0
461.5
110.0
335.0
256.0
239.0
216.0
555.0
47.0
379.0
241.0
396.0
327.0
118.0
431.0
122.0
295.0
258.0
403.0
296.0
65.0
431.0
160.0
405.0
427.0
73.0
231.0
393.0
144.0
289.0
418.0
46.0
416.0
257.0
207.0
421.0
257.0
104.0
372.0
149.0
114.0
96.0
109.0
390.0
81.0
398.0
293.0
261.0
275.0
234.0
194.0
169.0
164.0
360.0
371.0
161.0
381.0
138.0
330.0
210.0
228.0
286.0
239.0
391.0
467.0
102.0
242.0
400.0
373.0
362.0
305.0
70.0
139.0
225.0
180.0
379.0
328.0
205.0
291.0
406.0
208.0
432.0
286.5
386.0
276.0
374.0
112.0
434.0
193.0
393.0
411.0
41.0
304.0
221.0
181.0
377.0
284.0
379.0
384.0
317.0
208.0
438.5
249.0
418.0
282.0
433.0
412.0
205.0
216.0
478.0
420.0
229.0
397.0
225.0
116.5
511.5
30.0
161.0
205.0
199.0
258.0
302.0
188.0
483.0
204.0
157.0
369.0
110.0
134.0
241.0
327.0
77.0
429.0
192.0
279.0
329.0
330.0
342.0
345.0
327.0
327.0
329.0
394.0
179.0
156.0
410.0
258.0
443.0
459.0
239.0
356.0
217.0
269.5
445.5
259.0
275.0
367.0
311.0
277.0
392.0
443.0
111.0
355.0
277.0
234.0
315.0
335.0
200.0
407.0
200.0
249.666666667
325.0
366.0
217.0
138.0
398.0
337.0
267.0
419.0
146.0
424.0
268.0
436.0
337.0
289.0
352.5
128.0
398.0
395.0
234.0
212.0
269.0
393.0
225.0
296.0
311.0
110.0
360.0
211.0
350.0
484.0
258.0
242.5
321.0
269.0
219.0
10.0
334.0
235.0
323.0
145.0
410.0
263.0
214.0
275.0
187.0
190.0
314.0
375.0
170.0
486.0
202.0
271.0
263.0
100.0
356.0
228.0
378.0
91.0
421.0
245.0
272.0
383.0
69.0
166.0
220.0
143.0
383.0
303.0
295.0
331.0
248.0
259.0
326.5
345.0
283.0
382.0
269.0
120.0
377.0
255.0
323.0
343.0
246.0
302.0
117.0
420.0
90.0
426.0
282.0
354.0
58.0
193.0
412.0
330.0
269.0
430.0
284.0
82.0
395.0
240.333333333
211.333333333
330.0
259.0
223.0
289.0
94.0
275.0
278.0
191.0
96.0
363.0
42.0
351.0
381.0
100.0
347.0
173.0
191.0
202.0
275.5
470.0
164.0
202.0
407.0
147.0
135.0
169.0
208.0
370.0
292.0
299.0
240.0
294.0
175.0
351.0
316.0
317.0
387.0
105.0
223.0
388.0
331.0
399.0
177.0
467.0
197.0
330.0
225.0
451.5
334.0
569.0
385.0
253.0
289.0
416.0
298.0
217.0
327.0
105.0
232.0
396.0
239.0
216.0
233.0
187.0
140.0
443.0
41.0
353.0
96.0
298.0
288.666666667
359.666666667
144.0
378.0
288.0
178.0
383.0
106.0
285.0
378.0
379.0
344.0
257.0
392.0
311.0
167.0
434.0
219.0
147.0
418.5
318.0
385.0
214.0
343.0
161.0
405.0
245.0
321.0
259.0
259.0
376.0
175.0
270.0
192.0
306.0
188.0
357.0
180.0
336.0
173.0
359.0
223.0
330.0
154.0
151.0
465.0
61.0
238.0
243.0
307.0
245.0
122.0
306.0
273.0
225.0
320.0
344.0
199.0
213.0
313.0
305.0
198.0
413.0
16.0
261.0
216.0
141.0
395.0
407.0
172.0
69.0
454.0
245.0
249.0
230.0
47.0
65.0
183.0
412.0
65.0
165.0
398.0
262.0
97.0
195.0
280.0
158.0
234.0
188.0
365.0
417.0
156.0
294.0
393.5
332.0
125.0
302.0
265.0
211.0
299.0
251.0
375.0
232.0
193.0
220.0
243.0
388.0
178.0
156.0
454.0
45.0
372.0
132.0
280.0
146.0
192.0
179.0
421.0
137.0
407.0
221.0
275.0
242.0
239.0
390.0
71.0
276.0
216.0
248.0
277.25
170.666666667
207.0
186.5
368.5
350.0
50.0
137.0
293.0
241.0
252.0
305.0
273.0
283.0
198.0
161.0
302.0
211.0
271.0
241.0
87.0
169.0
410.0
194.0
342.0
84.0
415.0
357.0
276.0
182.0
252.0
221.0
234.0
95.0
263.0
446.0
30.0
129.0
328.0
398.0
220.0
397.0
146.0
389.666666667
251.333333333
202.0
420.0
424.0
135.0
294.0
235.0
314.0
260.0
371.0
53.0
74.0
368.0
172.0
377.0
333.0
260.0
216.0
181.0
157.0
297.0
65.0
226.0
353.0
201.0
241.0
206.0
419.0
37.0
305.0
355.0
146.0
393.0
120.0
362.0
338.0
319.0
349.0
159.0
250.0
311.0
106.0
441.0
444.0
247.0
229.0
327.0
278.0
392.0
257.0
237.0
267.5
380.5
376.0
162.0
344.0
168.0
274.0
223.0
206.0
129.0
354.0
300.0
207.0
217.0
344.0
355.0
342.0
314.0
351.0
403.5
321.5
337.5
163.0
124.0
502.0
203.0
322.0
155.0
400.0
219.0
178.0
413.0
222.5
388.5
256.0
341.5
379.0
102.0
212.0
314.0
350.0
184.0
189.0
276.0
374.0
186.0
318.0
291.0
253.0
226.0
116.0
266.0
157.0
498.0
276.0
0.0
317.0
281.0
382.0
223.0
231.0
216.0
363.0
182.0
288.0
287.0
323.0
162.0
302.0
151.0
307.333333333
281.666666667
331.0
108.0
89.0
398.0
352.0
70.0
91.0
314.0
159.0
272.0
343.0
205.0
387.0
106.0
136.0
175.0
416.0
152.0
350.0
34.0
35.0
279.0
208.0
394.0
452.0
228.0
288.0
318.0
136.0
409.0
293.0
241.0
435.0
301.0
362.0
337.0
404.0
87.0
248.0
300.0
194.0
293.0
102.0
215.0
389.0
257.0
230.0
389.0
62.0
355.0
193.0
393.0
382.0
382.0
72.0
325.0
247.0
396.0
251.0
232.0
258.0
198.0
183.0
322.0
307.0
388.0
170.0
338.0
78.0
323.0
81.0
435.0
405.0
90.0
343.0
168.0
35.0
479.0
262.0
367.0
281.0
75.0
381.0
136.0
147.0
435.0
248.0
247.0
245.0
343.0
202.0
396.0
247.0
81.0
266.0
348.0
99.0
366.0
266.0
155.0
207.0
337.0
257.0
35.0
264.5
333.0
203.0
416.5
314.0
267.0
40.0
354.0
237.0
308.0
293.0
415.0
133.0
356.0
20.0
398.0
432.0
241.0
258.333333333
339.333333333
210.0
182.0
328.5
417.5
137.5
393.0
419.0
214.0
375.0
263.0
207.0
370.0
411.0
89.0
178.0
275.0
309.0
277.0
253.333333333
384.333333333
344.0
113.0
75.0
408.0
229.0
384.0
352.0
289.0
285.0
237.0
352.0
172.0
302.0
189.0
179.0
274.0
360.0
157.0
216.0
313.0
404.0
209.0
287.0
392.0
93.0
358.0
383.0
41.0
346.0
173.0
465.0
252.0
373.0
251.0
358.0
152.0
319.0
212.0
255.0
365.0
217.0
384.0
150.0
408.0
211.0
173.0
90.0
229.0
425.0
150.0
325.0
140.0
238.0
150.0
177.0
304.0
300.0
257.0
230.0
443.0
291.0
299.0
356.0
191.0
216.0
359.0
500.0
261.0
264.0
385.0
359.0
130.0
408.0
261.0
301.0
241.0
212.5
444.5
361.0
301.5
385.0
166.0
371.0
226.0
138.0
374.0
250.0
393.0
65.0
365.0
378.0
165.0
336.0
69.0
259.0
466.0
5.0
134.0
176.0
196.0
229.0
367.0
270.0
41.0
146.0
287.0
228.0
416.0
181.0
90.0
101.0
150.0
136.0
246.0
279.0
404.0
281.0
208.0
432.0
231.0
197.0
325.0
247.0
308.0
97.0
453.0
262.0
352.0
194.0
161.0
169.0
362.0
177.5
252.0
238.0
221.0
143.0
366.0
188.0
311.0
201.0
339.0
315.0
187.0
82.0
338.0
334.0
165.0
192.0
382.0
186.0
348.0
249.0
355.0
271.0
369.0
383.0
347.0
250.0
321.0
382.0
226.0
156.5
509.0
464.0
106.0
363.0
190.0
454.0
142.0
186.0
99.0
336.0
328.0
167.0
471.0
322.0
94.0
301.0
145.0
196.0
393.0
214.0
260.0
307.0
276.0
197.0
315.0
282.0
133.0
189.0
313.0
402.0
105.0
124.0
534.0
104.0
405.0
213.0
292.0
114.0
190.0
255.0
308.0
116.0
410.0
136.0
431.0
131.0
339.0
113.0
260.0
69.0
400.0
270.0
314.0
375.0
124.0
226.0
330.0
106.0
382.0
387.0
243.0
369.0
114.0
261.0
285.0
402.0
211.0
296.0
379.0
233.5
425.0
239.0
279.0
197.0
425.0
362.0
289.0
272.0
365.0
129.0
232.0
194.0
234.0
364.0
166.0
409.0
238.0
171.0
313.0
351.0
192.0
151.0
287.0
229.0
234.5
219.0
202.0
262.0
206.0
404.0
282.0
217.0
308.0
196.5
435.0
257.0
426.0
395.0
82.0
351.0
213.0
191.0
91.0
439.0
34.0
174.333333333
247.666666667
338.0
168.0
224.0
270.0
425.0
25.0
275.0
115.0
249.0
505.0
20.0
145.0
296.0
156.0
260.0
252.0
216.0
132.0
312.0
398.0
402.0
20.0
262.0
227.0
262.0
173.0
379.0
128.0
326.0
143.0
339.0
250.0
333.0
296.0
337.0
95.0
378.0
81.0
313.0
227.0
218.0
340.0
288.5
432.5
347.0
75.0
39.0
251.0
274.0
211.0
266.0
232.0
138.0
468.0
145.0
341.0
307.5
384.0
300.5
269.0
380.0
278.0
280.0
160.0
267.0
236.0
156.0
266.0
223.0
265.0
278.0
341.0
278.0
327.0
248.0
427.5
317.0
254.0
258.0
273.0
97.0
391.0
236.0
223.0
356.0
230.0
374.0
44.0
408.0
35.0
327.0
248.0
193.0
411.0
217.0
387.0
317.0
35.0
379.0
202.0
139.0
368.0
10.0
122.0
363.0
81.0
291.0
440.0
389.333333333
298.333333333
186.0
382.0
214.0
317.0
393.0
311.0
284.0
303.0
376.0
172.0
91.0
400.0
199.0
388.0
137.0
359.0
182.0
288.0
302.0
277.0
275.0
372.5
353.666666667
262.0
180.0
170.0
356.0
292.0
292.0
267.0
432.0
289.0
214.5
328.0
296.0
239.0
406.0
20.0
244.0
334.0
199.0
410.0
353.0
143.0
255.0
312.0
376.0
103.0
321.0
182.0
89.0
329.5
446.0
280.0
203.0
388.0
143.0
370.0
407.0
193.0
368.0
197.0
286.0
206.0
291.0
389.0
116.0
180.0
403.0
57.0
396.0
192.0
408.333333333
287.333333333
117.0
367.0
370.0
86.0
115.0
476.0
365.0
306.0
266.0
245.0
246.0
338.0
190.0
238.0
162.0
504.0
449.0
101.0
352.0
278.0
230.0
358.0
434.0
106.0
296.0
357.0
142.0
388.0
283.0
260.0
341.0
172.0
384.0
101.0
107.0
380.0
352.0
277.0
392.0
336.0
109.0
325.0
330.0
273.0
178.0
331.0
209.0
295.0
218.0
382.0
50.0
436.0
150.0
190.0
313.0
172.0
165.0
267.0
157.0
363.0
436.0
115.0
355.0
151.0
357.0
93.0
102.0
322.0
197.0
298.0
182.0
216.0
242.0
168.0
422.0
298.0
219.5
382.5
144.0
377.0
369.0
75.0
265.0
379.0
182.0
318.0
396.0
154.0
340.0
338.333333333
201.0
331.0
213.0
259.0
222.0
325.0
303.0
264.0
303.0
331.0
193.0
278.0
268.333333333
281.666666667
429.0
143.0
127.0
279.0
170.0
429.0
410.0
66.0
25.0
399.0
633.0
96.0
278.0
224.0
325.0
276.0
20.0
321.0
346.0
211.0
376.0
197.0
331.0
134.0
355.0
166.0
346.0
247.0
184.0
332.0
305.0
288.0
195.0
448.0
135.0
355.0
354.0
375.0
416.0
212.0
410.0
198.0
293.333333333
333.666666667
156.0
451.0
422.0
264.0
102.0
478.0
235.0
340.0
248.0
387.0
412.0
265.0
128.0
346.0
258.0
251.0
398.0
205.0
380.0
223.0
73.0
276.0
65.0
224.0
203.0
189.0
285.0
76.0
342.0
188.0
268.0
194.0
121.0
233.0
346.0
181.0
415.0
188.0
193.0
242.0
371.0
249.0
305.0
223.0
352.0
232.0
222.0
384.0
94.0
292.0
145.0
388.0
80.0
382.0
349.0
66.0
370.0
133.0
129.0
279.0
402.0
186.0
282.0
229.0
275.0
244.0
379.0
138.0
105.0
393.0
245.0
406.0
274.0
252.0
112.0
374.0
257.0
463.0
165.0
50.0
21.0
369.0
324.0
55.0
396.0
58.0
276.0
155.0
266.0
101.0
275.0
255.0
357.0
101.0
118.0
133.0
487.0
358.5
180.0
219.0
290.0
211.0
355.0
182.0
394.0
7.0
318.0
334.0
295.0
298.666666667
408.0
78.0
283.0
206.0
248.0
330.0
463.0
175.0
250.0
158.0
363.0
131.0
241.0
306.0
139.5
403.5
259.5
425.0
419.0
141.0
134.0
510.0
319.0
249.0
277.0
61.0
237.0
255.0
308.0
416.0
127.0
231.0
356.0
133.0
158.0
320.0
286.0
324.0
211.0
361.0
190.0
472.0
100.0
438.0
364.0
148.0
238.0
200.0
137.0
277.0
346.0
169.0
58.0
334.0
433.0
70.0
388.0
63.0
204.0
266.0
339.0
366.0
243.5
436.0
358.0
117.0
392.0
55.0
250.0
140.0
353.0
86.0
297.0
337.0
308.0
237.0
235.0
279.0
151.0
243.0
322.0
155.0
293.0
334.0
257.0
407.0
443.0
243.0
464.0
232.0
447.0
202.0
300.5
351.5
160.0
431.0
255.0
403.0
384.0
288.0
394.0
317.0
239.0
382.0
79.0
357.0
362.0
295.5
223.0
262.0
223.0
394.0
323.0
309.0
273.0
355.0
356.0
331.0
405.0
107.0
308.0
218.0
269.0
374.0
216.0
487.0
302.0
284.0
264.0
313.0
437.0
255.0
275.0
278.0
309.0
333.0
270.0
220.0
322.0
207.0
94.0
310.0
167.0
287.0
138.0
386.0
214.0
219.0
297.0
250.0
314.0
259.0
144.0
308.0
241.0
259.0
123.0
310.0
395.0
201.0
338.0
295.666666667
394.0
221.0
365.0
134.0
173.0
359.0
323.0
207.0
208.5
431.5
238.0
359.0
348.0
270.0
360.0
116.0
197.0
278.0
153.0
290.0
364.0
313.0
322.0
284.0
382.0
237.0
283.0
254.0
238.0
328.0
372.5
194.0
274.0
324.0
411.0
118.0
107.0
440.0
265.0
353.0
162.0
420.0
221.0
438.5
170.0
355.0
105.0
78.0
164.0
419.0
243.0
271.0
307.0
185.0
58.0
226.0
237.5
161.5
377.0
224.5
184.0
185.0
106.0
298.0
255.0
633.0
184.0
339.0
202.5
451.0
250.5
459.5
201.0
376.0
211.0
190.0
104.0
230.0
202.0
134.0
229.0
343.0
451.0
145.0
365.0
143.0
354.0
184.0
106.0
294.0
318.0
374.0
506.0
158.0
154.5
475.0
394.0
239.0
65.0
481.0
311.0
193.0
266.0
279.0
224.5
412.5
164.0
404.0
307.0
401.0
309.0
258.0
137.0
548.0
212.0
417.0
289.0
237.0
297.0
125.0
124.0
373.0
402.0
87.0
251.0
131.0
430.0
247.5
262.5
432.5
335.333333333
283.666666667
186.0
319.0
268.0
262.0
324.0
384.0
166.0
437.0
417.0
61.0
288.666666667
278.333333333
414.0
197.0
365.0
266.0
107.0
271.0
390.0
116.0
372.0
306.0
239.0
319.0
447.0
95.0
217.0
463.0
252.0
274.0
364.0
263.0
255.0
51.0
372.0
286.0
123.0
318.0
106.0
409.0
134.0
275.0
211.0
206.0
239.0
345.0
327.0
141.0
101.0
312.0
184.0
320.0
202.0
424.0
63.0
306.0
447.0
141.0
209.0
346.0
231.0
397.0
380.0
291.0
266.0
304.0
296.666666667
280.0
240.0
460.0
255.0
389.0
229.0
352.0
241.0
381.0
297.5
333.5
53.0
235.0
205.0
323.0
361.0
319.0
175.0
434.0
211.0
302.0
122.0
314.0
419.0
193.0
439.0
211.0
217.0
307.0
241.5
446.0
398.0
234.0
202.0
269.0
406.0
215.0
206.0
330.0
246.0
274.0
208.0
601.0
373.0
128.0
60.0
430.0
379.0
257.0
226.0
251.0
358.0
247.0
268.0
395.0
311.0
135.0
384.5
294.5
192.5
433.5
440.0
165.0
25.0
435.0
364.0
186.0
510.0
192.0
141.0
363.0
376.0
163.0
20.0
368.0
204.0
350.0
300.0
280.0
158.0
399.0
435.0
145.0
174.5
426.0
120.0
353.0
109.0
400.0
288.0
228.0
225.0
372.0
364.0
199.0
127.0
334.0
326.0
139.0
359.0
250.0
272.0
382.0
299.0
160.0
196.0
182.0
350.0
77.0
133.0
395.0
343.0
200.0
96.0
391.0
263.0
301.0
300.0
196.0
145.0
266.0
253.0
124.0
337.0
191.0
322.0
203.0
291.0
171.0
446.0
20.0
286.0
241.0
128.0
269.0
339.0
124.0
374.0
256.0
349.0
177.0
111.0
257.0
268.0
272.0
370.0
255.0
337.0
198.0
348.0
408.0
378.0
193.0
37.0
362.0
250.0
369.0
260.0
232.0
264.0
290.0
243.0
304.0
302.0
519.0
143.0
395.0
242.0
391.0
376.0
51.0
240.0
272.0
273.0
444.0
270.0
397.0
183.0
480.0
159.0
422.0
381.0
288.5
254.0
338.0
118.0
227.0
91.0
318.0
354.0
313.0
178.0
253.0
273.0
25.0
166.0
162.0
115.0
106.0
264.0
313.0
353.0
172.0
393.0
212.0
154.0
207.0
106.0
301.0
482.0
129.0
324.0
85.0
417.0
105.0
251.0
262.0
368.0
292.0
374.0
318.0
245.0
524.0
360.0
129.0
253.0
336.0
263.0
429.0
341.0
222.0
243.0
255.0
292.0
261.0
270.0
310.0
200.0
361.0
244.0
350.0
26.0
122.0
337.0
59.0
322.0
351.0
313.0
195.0
384.0
179.0
370.0
128.0
301.0
203.0
224.0
262.0
439.0
125.0
413.0
239.0
415.0
279.0
278.0
200.0
340.0
301.0
212.0
395.0
310.0
293.0
381.0
264.0
87.0
366.0
382.0
185.0
161.0
270.0
356.0
282.0
295.0
127.0
75.0
322.0
334.0
210.0
394.0
290.0
105.0
341.0
293.0
290.0
198.0
323.0
361.0
66.0
271.0
251.0
285.0
294.0
268.0
299.0
266.0
325.0
229.0
282.0
125.0
328.0
226.0
352.0
345.0
226.0
401.0
181.0
331.0
186.0
391.0
230.0
146.0
259.0
350.0
189.0
31.0
303.0
360.0
260.0
365.0
237.0
358.0
156.0
218.0
355.0
302.0
95.0
208.0
300.0
439.0
233.0
318.0
79.0
147.0
381.0
219.0
414.0
30.0
461.0
204.5
410.5
102.0
371.0
335.0
277.0
224.0
381.0
234.0
194.0
301.0
206.0
205.0
331.0
181.0
439.0
245.0
376.0
408.0
146.0
141.0
357.0
309.0
237.0
207.0
261.0
457.0
287.0
96.0
413.0
127.0
416.0
211.0
372.0
73.0
443.0
339.0
341.0
190.0
90.0
376.0
171.0
386.0
271.0
395.0
229.0
404.0
146.0
172.0
371.0
409.0
261.0
416.0
154.0
277.0
255.0
229.0
307.0
193.0
344.0
338.0
132.0
177.0
311.0
419.0
218.0
250.0
277.0
324.0
267.0
60.0
342.0
52.0
378.0
202.0
317.0
299.0
77.0
341.0
153.0
187.0
373.0
376.0
190.0
362.666666667
273.333333333
251.0
265.0
298.0
368.0
393.0
237.0
475.0
161.0
178.0
398.0
388.0
119.0
452.0
152.0
324.0
366.0
292.5
378.5
137.0
268.0
204.0
292.0
282.0
235.0
257.0
311.0
278.0
274.0
279.0
382.0
129.0
328.0
103.0
301.0
131.0
369.0
268.666666667
249.333333333
265.333333333
327.666666667
247.0
279.0
238.0
447.0
303.0
60.0
283.0
242.0
369.0
200.0
181.0
304.0
165.0
348.0
419.0
34.0
363.0
189.0
280.0
336.0
258.0
340.0
378.0
180.0
274.0
234.0
219.0
418.0
318.0
251.5
227.0
139.0
154.0
359.0
229.0
355.0
360.0
297.0
518.0
153.0
432.0
124.0
175.0
449.0
312.0
277.0
437.0
181.0
453.0
169.0
369.0
201.0
371.0
225.0
129.0
257.0
371.0
160.0
212.0
318.0
333.0
174.0
117.0
375.0
191.0
227.0
399.0
107.0
295.0
237.0
439.0
69.0
415.0
194.0
391.0
298.0
335.0
115.0
411.0
246.0
388.0
221.0
236.0
272.0
334.0
275.0
408.0
147.0
347.0
231.0
366.0
61.0
121.0
194.0
356.0
268.0
336.0
294.0
435.0
227.0
311.0
329.0
303.0
316.0
368.0
375.0
266.0
245.0
127.0
466.0
340.0
45.0
204.0
389.0
456.0
169.0
317.0
264.0
318.0
142.0
273.0
310.0
302.0
276.0
304.0
22.0
270.0
253.0
386.0
248.0
258.0
366.0
168.0
348.0
296.0
52.0
298.0
396.0
322.0
227.0
265.666666667
324.333333333
323.0
308.0
310.0
316.0
208.0
425.0
110.0
473.0
392.0
226.0
288.0
387.0
100.0
243.0
302.0
167.0
443.0
117.0
228.0
252.0
93.0
337.0
206.0
369.0
314.0
116.0
232.0
409.5
314.0
229.0
325.0
199.0
370.0
253.0
319.0
305.0
145.0
364.0
414.0
128.0
391.5
276.5
195.0
216.0
401.0
195.0
223.0
181.0
358.0
211.0
343.0
347.0
450.0
212.0
133.0
300.0
329.0
220.0
240.0
448.0
455.0
99.0
239.0
158.0
274.0
174.0
334.0
177.0
223.0
291.0
360.0
244.0
136.0
315.0
380.0
246.0
355.0
200.0
285.0
393.0
184.0
399.0
278.0
434.0
228.0
442.0
232.0
237.0
127.0
299.0
261.0
260.0
128.0
400.0
160.0
366.0
242.0
439.0
390.0
290.0
132.0
442.0
461.0
216.0
207.0
421.0
233.0
422.0
186.0
396.5
248.5
344.0
246.0
114.0
36.0
359.0
244.0
375.0
351.0
107.0
107.0
309.0
255.0
295.0
336.0
362.0
244.5
317.5
15.0
432.0
10.0
303.0
383.0
251.0
258.0
674.0
302.0
407.0
355.0
172.0
133.0
398.0
419.0
275.0
251.0
5.0
140.0
402.0
468.0
145.0
214.0
10.0
128.0
322.0
80.0
408.0
372.0
203.0
381.0
261.0
402.0
147.0
231.0
264.0
235.0
208.0
387.0
165.0
241.0
382.0
186.0
387.5
121.0
403.0
388.0
83.0
307.0
257.0
83.0
326.0
363.0
270.0
264.0
369.0
195.0
338.0
204.0
320.0
65.0
304.0
40.0
433.0
415.0
57.0
421.0
233.0
325.0
208.0
332.5
434.0
297.5
373.0
182.0
383.0
237.0
454.0
378.0
244.0
340.0
258.0
353.0
173.0
383.5
240.0
285.0
370.5
286.0
363.0
362.0
295.0
213.0
193.0
127.0
360.0
447.0
140.0
186.0
343.0
231.0
460.0
119.0
392.0
315.0
307.0
249.666666667
314.666666667
303.0
217.0
228.0
27.0
423.0
81.0
146.0
399.0
426.0
153.0
252.5
361.0
386.0
65.0
394.0
174.0
300.0
159.0
217.0
302.0
341.0
151.0
35.0
405.0
291.0
196.0
391.0
186.0
245.0
176.0
335.0
306.0
187.0
210.0
235.5
352.0
183.0
297.0
368.0
163.0
224.0
366.0
241.0
431.0
364.0
21.0
136.0
107.0
70.0
358.0
261.0
0.0
222.5
381.5
205.0
306.0
224.0
272.0
254.0
260.0
65.0
392.0
291.0
424.0
232.0
171.0
85.0
271.0
359.0
148.0
297.0
261.0
358.666666667
300.0
297.0
209.0
266.0
369.0
427.0
154.0
393.0
194.0
416.0
248.0
100.0
250.0
296.0
314.0
132.0
252.0
26.0
438.0
259.666666667
320.0
299.5
388.5
341.0
180.0
149.0
349.0
479.0
279.0
239.0
431.0
224.0
354.0
136.0
432.0
292.0
268.0
229.0
371.0
325.5
427.0
354.0
153.0
326.0
254.0
245.0
231.0
196.0
356.0
181.0
340.0
352.0
119.0
112.0
233.0
321.0
55.0
190.0
327.0
329.0
305.0
274.0
234.0
271.0
106.0
236.0
291.0
239.0
353.0
55.0
290.0
236.0
277.0
88.0
436.0
526.0
191.0
319.0
240.0
235.0
381.0
383.0
80.0
117.0
321.0
165.0
429.0
159.0
393.0
246.0
447.0
145.5
376.5
383.0
222.0
298.0
285.0
370.333333333
300.333333333
387.0
194.0
279.0
401.0
246.0
359.0
294.0
30.0
397.0
65.0
184.0
359.0
393.0
196.0
152.0
299.0
172.0
328.0
268.0
369.0
305.0
337.0
135.0
346.0
225.0
294.0
156.0
386.0
183.0
155.0
386.0
186.0
263.0
284.0
498.0
247.0
217.0
418.0
287.0
328.0
209.0
237.0
371.0
288.0
272.0
243.0
263.0
341.0
409.0
118.0
173.0
347.0
122.0
226.0
321.0
156.0
343.0
237.0
179.0
407.0
387.0
291.0
214.0
184.0
169.0
465.0
288.5
407.0
239.0
282.0
268.0
339.0
309.5
375.0
478.0
31.0
337.0
400.0
475.0
209.0
187.0
282.0
225.0
390.0
275.0
187.0
215.0
324.0
345.0
251.0
436.0
375.0
245.0
282.0
307.0
430.0
268.0
402.0
431.333333333
299.0
294.0
304.0
297.0
208.0
227.5
414.0
278.0
227.0
282.0
219.0
326.0
99.0
39.0
211.0
351.0
203.0
142.0
301.0
232.0
360.0
383.666666667
241.333333333
238.0
242.0
292.0
88.0
336.0
142.0
386.0
148.0
376.0
80.0
116.0
335.0
123.0
260.0
227.0
185.0
295.0
69.0
96.0
325.0
229.5
486.5
259.0
440.0
295.0
219.0
412.0
306.0
376.333333333
432.0
150.0
365.0
399.0
215.0
432.0
204.0
334.0
368.0
400.0
206.0
378.0
228.0
272.0
388.0
362.0
206.0
283.0
319.0
295.0
332.0
199.0
359.0
283.0
172.0
246.0
330.0
146.0
462.0
281.0
260.0
199.0
226.0
242.0
414.0
352.0
182.0
236.0
243.0
497.0
247.0
243.0
305.0
249.0
288.0
379.0
146.0
249.0
397.0
385.0
209.0
265.0
409.0
233.0
296.0
289.0
322.0
242.0
245.0
282.0
478.0
264.0
329.0
326.0
431.0
468.0
323.0
437.0
84.0
210.0
363.0
218.0
261.0
229.0
330.0
64.0
281.0
345.0
79.0
174.0
289.0
182.0
309.0
375.0
250.0
187.0
189.0
147.0
297.0
280.0
264.0
136.0
431.0
241.0
292.0
267.0
317.0
278.0
262.0
252.0
308.0
343.0
206.0
301.0
149.0
332.0
220.0
334.0
246.0
224.0
299.0
216.5
415.0
348.0
244.0
154.0
445.0
391.0
270.0
413.0
193.0
167.0
370.0
194.0
334.0
370.0
244.0
284.0
388.0
443.0
222.0
173.0
402.0
245.0
378.0
346.0
117.0
240.0
173.0
276.0
268.0
75.0
344.0
339.0
219.0
60.0
408.0
466.0
151.0
425.0
210.0
288.0
349.0
272.5
347.5
260.5
367.5
391.0
75.0
319.0
350.0
379.0
283.0
205.0
396.0
226.0
295.0
136.0
511.0
253.0
357.0
252.0
263.0
222.0
365.0
214.0
330.0
257.0
249.0
290.0
366.0
103.0
212.0
102.0
339.0
392.5
137.5
284.5
382.0
344.0
172.0
447.0
140.0
496.0
279.0
462.0
136.0
283.5
380.0
318.0
196.0
82.0
409.0
75.0
246.0
207.0
264.0
308.0
250.0
298.0
480.0
486.0
227.0
286.0
278.0
221.0
335.0
266.0
376.0
231.0
319.0
113.0
266.0
319.0
85.0
218.0
222.0
351.0
224.0
168.0
414.5
339.0
229.0
297.0
244.0
127.0
275.0
298.0
337.0
247.0
318.0
272.0
218.0
324.0
191.0
329.0
256.0
270.0
336.0
136.0
429.0
332.0
295.0
307.0
303.0
33.0
386.0
258.0
309.0
160.0
414.0
140.0
436.0
366.0
225.0
33.0
168.0
291.0
89.0
346.0
82.0
333.666666667
327.333333333
233.0
218.0
294.0
314.0
191.0
381.0
428.0
331.5
95.0
432.0
80.0
393.0
238.0
419.0
159.0
441.0
148.0
378.0
221.0
187.0
216.0
147.0
389.0
179.0
241.0
332.0
183.0
399.0
519.0
188.0
205.0
389.0
252.0
293.0
388.0
197.0
178.0
61.0
120.0
291.0
216.0
285.0
170.0
260.0
166.0
291.0
205.0
315.0
324.0
10.0
42.0
220.0
126.0
323.0
69.0
374.0
373.0
261.0
360.0
106.0
174.0
451.0
260.0
345.0
355.0
132.0
174.0
337.0
312.0
16.0
182.0
480.0
371.0
153.0
397.0
277.0
389.0
86.0
339.0
89.0
91.0
327.0
177.0
302.0
401.0
105.0
216.0
209.0
138.0
371.0
229.0
380.0
235.0
363.5
149.0
356.0
273.0
273.0
264.0
387.0
257.0
343.0
290.0
213.0
212.0
359.0
262.0
177.0
301.0
300.0
179.0
439.0
264.0
440.0
111.0
291.0
398.0
232.0
290.0
362.0
131.0
151.0
126.0
392.0
408.0
249.0
120.0
405.0
186.0
409.0
482.0
118.0
452.0
267.0
350.0
15.0
405.0
263.0
100.0
320.0
275.0
283.0
67.0
418.0
278.0
153.0
144.0
310.0
401.0
107.0
219.0
379.0
366.0
249.0
158.0
381.0
396.0
213.0
412.0
371.0
373.0
282.0
344.0
151.0
261.0
287.0
249.0
336.0
329.0
277.0
102.0
423.0
179.0
515.0
321.0
293.5
402.0
266.0
208.0
431.0
248.0
202.0
213.0
451.0
220.0
376.0
264.0
254.0
422.0
112.0
321.0
130.0
209.0
337.0
172.0
325.0
162.0
376.0
184.0
152.0
499.0
270.0
242.0
508.0
50.0
179.0
148.0
257.0
41.0
344.0
317.0
133.0
248.0
400.0
230.0
302.0
153.0
312.0
365.0
256.5
375.0
156.0
311.0
246.0
360.0
220.0
285.0
291.0
194.0
60.0
299.0
218.0
296.666666667
386.333333333
247.0
329.0
286.0
414.0
296.0
359.0
207.0
251.0
131.0
342.0
348.0
361.0
25.0
309.0
325.0
158.0
222.0
311.0
299.0
355.5
436.0
246.0
256.0
330.5
279.0
431.0
341.0
195.0
237.0
351.0
66.0
377.0
431.0
107.0
278.0
312.0
321.0
234.0
140.0
375.0
257.0
280.0
212.0
211.0
267.0
244.0
71.0
238.0
239.0
311.0
284.0
232.0
238.0
318.0
299.0
295.0
219.0
356.0
255.0
174.0
260.0
256.0
407.0
306.0
197.0
443.0
299.0
190.0
161.0
302.0
187.0
376.0
264.0
382.0
269.0
499.0
321.0
280.0
362.0
50.0
356.0
212.0
254.0
302.0
442.0
70.0
277.0
187.0
388.0
139.0
304.0
209.0
353.0
188.0
190.0
271.0
238.0
320.666666667
178.0
313.0
233.0
279.0
191.0
340.0
214.0
327.0
304.666666667
284.666666667
369.0
259.0
410.0
91.0
200.0
432.0
159.0
369.0
306.0
370.0
233.0
378.0
387.0
260.0
181.0
265.0
245.0
119.0
367.0
175.0
347.0
216.0
147.0
416.0
422.0
172.0
227.0
366.0
335.0
138.0
378.0
195.0
381.0
121.0
268.0
338.0
161.0
108.0
109.0
409.0
371.0
20.0
10.0
179.0
146.0
268.0
227.0
178.0
373.0
213.0
397.0
140.0
35.0
422.0
229.0
259.0
177.0
288.0
360.0
199.0
382.0
253.0
342.0
212.0
310.0
249.0
383.0
200.0
373.0
392.0
375.0
251.0
136.0
366.0
387.0
218.0
217.0
339.0
189.0
352.0
209.0
404.0
162.0
212.0
421.0
234.0
418.0
229.0
80.0
215.0
206.0
248.0
298.0
195.0
348.0
32.0
323.0
245.0
345.0
208.0
340.0
181.0
233.0
421.0
390.0
265.0
296.0
400.0
359.0
295.0
136.0
352.0
207.0
235.0
30.0
271.0
373.0
163.0
279.0
267.0
157.0
327.0
222.0
400.0
175.0
328.666666667
173.0
186.0
155.0
238.0
301.0
96.0
175.0
136.0
223.0
271.0
299.0
299.0
51.0
407.0
208.0
195.0
317.0
247.0
291.0
289.0
79.0
370.0
321.0
195.0
295.0
240.0
332.0
58.0
397.0
216.0
455.0
266.0
230.0
352.0
178.0
437.0
342.0
188.0
404.0
96.0
226.0
105.0
244.0
25.0
127.0
564.0
434.0
184.0
322.0
286.0
40.0
413.0
250.0
180.0
189.0
371.0
415.0
31.0
177.0
323.0
438.0
72.0
208.0
232.0
377.0
377.0
129.0
359.0
483.0
120.0
140.0
357.0
141.0
195.0
172.0
257.0
331.0
343.0
330.0
77.0
165.0
359.0
167.0
203.0
135.0
360.0
155.0
448.0
390.0
174.0
423.0
197.0
208.0
239.0
285.0
415.5
191.0
124.0
288.0
369.0
55.0
243.0
290.0
240.0
181.0
382.0
424.0
175.0
294.0
278.0
252.0
350.0
366.0
98.0
399.0
97.0
207.0
324.0
218.0
250.0
324.0
241.0
267.0
106.0
276.0
315.0
350.0
88.0
103.0
319.0
187.0
329.0
241.0
257.0
429.0
108.0
70.0
430.0
273.0
358.0
433.0
203.0
175.0
434.0
301.0
358.666666667
241.0
361.5
231.0
293.0
285.0
388.0
189.0
177.0
425.5
280.5
300.0
283.0
219.0
382.0
258.0
343.0
412.0
109.0
437.0
113.0
265.0
319.0
369.5
295.0
366.0
199.0
202.0
367.0
141.0
423.0
194.0
464.0
182.0
309.0
317.0
248.0
419.0
221.0
332.0
132.0
125.0
398.0
235.0
316.0
357.0
194.0
346.0
276.0
361.0
214.0
285.0
225.0
247.0
190.0
117.0
176.0
30.0
212.0
196.0
322.0
385.0
129.0
280.0
189.0
148.0
431.0
174.0
272.0
308.0
341.0
122.0
32.0
289.0
121.0
580.0
192.0
201.0
220.0
274.0
307.0
249.0
248.0
140.0
363.0
368.0
196.0
432.0
232.0
370.0
168.0
164.0
322.0
243.0
260.0
68.0
415.0
421.0
171.0
302.0
284.0
401.0
278.0
254.0
355.0
314.0
253.0
318.0
145.0
226.0
198.0
208.0
411.0
291.0
366.0
467.0
49.0
366.0
227.0
285.0
204.0
88.0
361.0
238.5
421.0
224.0
469.0
68.0
356.0
311.0
364.0
107.0
364.0
375.5
213.0
88.0
326.0
353.0
35.0
81.0
439.0
261.0
437.0
413.0
191.0
252.0
135.0
358.0
30.0
180.0
268.0
352.0
46.0
152.0
331.0
193.0
243.0
237.0
391.0
329.0
173.0
90.0
224.0
230.0
274.0
192.0
434.0
362.0
282.0
216.0
130.0
270.0
149.0
157.0
357.0
174.0
505.0
314.0
202.0
78.0
382.0
224.0
167.0
127.0
336.0
200.0
126.0
300.0
208.0
309.0
87.0
217.0
137.0
70.0
327.0
84.0
399.0
194.0
171.0
242.0
464.0
194.0
403.0
308.0
71.0
190.0
306.0
208.0
274.0
182.0
372.0
250.0
78.0
76.0
250.0
397.0
90.0
338.0
201.0
334.0
173.0
127.0
166.0
158.0
373.0
158.0
328.0
401.0
226.0
397.0
5.0
345.0
264.0
86.0
15.0
299.0
147.0
348.0
250.0
333.0
90.0
182.0
282.0
335.0
189.0
187.0
278.0
217.0
396.0
183.0
294.0
158.0
189.0
295.0
293.0
358.0
148.0
66.0
290.0
164.0
250.0
293.0
379.5
178.0
328.0
143.0
565.0
392.0
170.0
321.333333333
366.0
214.0
243.0
237.0
139.0
154.0
339.0
373.5
244.5
161.0
388.0
275.5
143.0
223.0
169.0
214.0
310.0
292.0
375.0
232.5
410.0
126.0
362.0
327.0
115.0
161.0
169.0
144.0
259.0
319.0
233.0
379.0
215.0
304.0
252.0
194.0
330.0
294.0
238.0
431.0
70.0
409.0
103.0
322.0
291.0
358.0
163.0
172.0
125.0
230.0
384.0
57.0
477.0
382.0
179.0
396.0
75.0
173.0
144.0
178.0
204.0
151.0
214.0
319.0
159.0
355.0
136.0
60.0
239.0
265.0
225.0
308.0
10.0
398.0
146.0
344.0
401.0
203.0
463.0
183.0
431.0
181.0
390.0
264.0
325.0
265.0
243.0
303.0
272.0
147.0
168.0
254.0
201.0
199.0
250.0
359.0
254.0
449.0
137.0
165.0
231.0
129.0
288.0
250.0
402.0
255.5
331.5
444.0
169.0
415.0
263.0
472.0
226.0
299.0
226.0
333.0
127.0
420.0
42.0
347.0
232.0
195.0
305.0
90.0
255.0
247.0
238.0
221.0
364.0
366.0
293.0
231.0
322.0
222.0
333.0
352.0
367.0
131.0
349.0
294.0
417.5
298.0
231.0
281.0
350.0
323.0
172.0
123.0
336.0
335.0
239.0
333.0
103.0
15.0
381.0
375.0
127.0
464.0
229.0
307.0
283.0
230.0
406.0
113.0
243.0
210.0
392.0
310.0
181.0
187.0
181.0
334.0
76.0
241.0
357.0
465.0
467.0
220.0
116.0
271.333333333
315.666666667
209.0
339.0
268.0
277.0
374.0
274.0
353.0
351.0
136.0
394.0
355.0
300.0
464.0
191.0
348.0
292.0
288.0
285.0
168.0
392.0
351.0
236.0
50.0
387.0
313.0
306.0
294.0
512.0
363.0
168.0
286.0
90.0
256.0
458.5
343.0
264.0
396.0
193.0
429.0
304.0
245.0
436.0
194.5
382.0
108.0
344.0
435.0
192.0
156.0
280.0
352.0
202.0
153.0
40.0
282.0
301.0
159.0
419.0
426.0
108.0
311.0
253.0
241.0
132.0
379.0
121.0
285.0
367.0
325.0
205.0
334.0
203.0
337.0
260.0
208.0
333.0
303.0
285.0
280.0
398.0
202.0
370.0
176.0
242.0
369.0
249.0
389.0
219.0
120.0
282.0
360.0
301.5
440.0
81.0
176.0
268.0
105.0
336.0
217.0
423.0
373.0
84.0
418.0
244.0
326.0
262.0
490.0
229.0
261.0
322.0
387.0
210.0
283.0
289.0
226.0
344.0
377.5
212.5
234.0
187.0
179.0
328.0
433.0
188.0
378.0
81.0
430.0
199.0
381.0
237.0
186.0
268.0
372.0
41.0
269.0
91.0
181.0
435.5
393.0
151.0
199.0
139.0
241.0
287.0
258.0
257.0
188.0
359.0
392.0
66.0
213.0
338.0
130.0
322.0
306.0
278.333333333
407.0
15.0
41.0
386.0
366.0
269.0
259.0
173.0
279.0
141.0
278.0
216.0
321.0
170.0
445.0
240.0
268.5
414.5
421.0
224.0
196.0
350.0
236.5
303.5
341.0
218.0
292.0
379.0
334.0
203.0
194.5
401.5
171.5
325.0
265.0
306.0
166.0
320.0
341.0
135.0
158.0
396.0
194.0
393.0
187.0
309.0
119.5
347.5
137.0
325.0
104.0
351.0
271.0
355.0
187.0
518.0
179.0
457.0
337.0
273.0
375.0
165.0
304.0
221.0
398.0
234.0
342.0
286.0
293.0
146.0
203.0
262.0
341.666666667
312.666666667
249.0
279.0
299.0
117.0
203.0
367.0
205.0
465.0
160.0
318.0
64.0
232.0
375.0
149.0
335.0
231.0
150.0
279.0
101.0
426.0
150.0
410.0
196.0
373.0
318.0
230.0
249.0
257.0
335.0
244.0
221.0
159.0
304.0
211.0
86.0
124.0
96.0
440.0
388.0
92.0
264.0
183.0
248.0
292.0
236.0
417.0
227.0
60.0
328.0
211.0
248.0
392.0
395.0
139.0
215.0
397.0
193.0
397.0
176.0
368.0
25.0
407.0
250.0
372.0
109.0
359.0
180.0
222.0
489.0
194.0
311.0
70.0
310.0
401.0
126.0
91.0
302.0
282.0
376.0
95.0
118.0
420.0
368.0
140.0
172.0
240.0
291.0
296.0
227.0
165.0
283.0
243.0
314.0
407.0
251.0
396.0
280.5
354.5
415.0
186.0
20.0
430.0
371.0
266.0
174.0
144.0
320.333333333
314.0
88.0
286.0
282.0
229.0
178.0
317.0
202.0
358.0
65.0
397.0
239.0
315.0
122.0
326.0
218.0
242.0
211.0
393.0
179.0
454.0
285.0
306.0
434.0
227.0
188.0
229.0
301.0
201.0
217.0
247.0
290.0
298.0
236.5
433.5
152.0
434.0
83.0
420.0
268.0
319.0
458.0
258.0
207.0
196.0
156.0
197.0
386.0
25.0
155.0
446.0
169.0
221.0
63.0
315.0
125.0
321.0
363.0
242.0
314.0
244.0
428.0
53.0
234.0
159.0
287.0
133.0
387.0
160.0
127.0
377.0
36.0
381.0
176.0
455.0
71.0
421.0
424.0
245.0
431.0
304.0
361.0
113.0
212.0
308.0
340.0
158.0
180.0
392.0
204.0
95.0
143.0
150.0
107.0
394.0
130.0
444.0
303.0
211.0
453.0
274.0
130.0
378.0
380.0
262.0
242.0
310.0
202.0
480.0
250.5
430.5
168.0
246.0
283.0
441.0
132.0
302.0
258.0
190.0
372.0
25.0
139.0
427.0
461.0
65.0
413.0
289.0
266.0
457.0
84.0
314.0
369.0
173.0
171.5
395.0
82.0
139.0
338.0
259.0
302.0
258.0
466.0
88.0
329.0
25.0
343.0
264.0
338.0
156.0
229.0
206.0
225.0
295.0
127.0
371.0
357.0
227.0
158.0
487.0
147.0
375.0
321.0
115.0
114.0
354.0
118.0
288.0
244.0
419.0
350.0
187.0
417.0
35.0
183.0
315.0
269.333333333
356.333333333
241.0
253.0
219.0
309.0
219.0
367.0
265.0
323.0
353.0
252.0
70.0
498.0
169.0
413.0
25.0
464.0
148.0
366.0
208.0
268.0
192.5
363.5
113.5
390.5
228.0
277.0
325.0
349.0
384.0
341.0
240.0
165.0
363.0
153.0
156.0
280.0
266.0
384.0
282.0
235.0
179.0
360.0
206.0
378.5
359.0
229.0
75.0
191.0
145.0
356.0
415.0
77.0
82.0
293.0
288.0
182.0
220.0
351.0
237.0
383.0
279.0
383.0
258.0
268.0
166.0
452.0
217.5
420.0
249.0
342.0
220.0
365.0
423.0
105.0
231.0
481.0
306.0
468.0
329.0
200.0
280.0
338.0
214.0
325.0
252.0
545.5
244.0
83.0
454.0
178.0
296.0
177.0
280.666666667
384.333333333
306.0
165.0
133.0
319.0
134.0
408.0
157.0
384.0
229.5
379.0
226.0
112.0
236.0
258.0
292.0
312.0
311.0
280.0
219.0
327.0
107.0
259.0
289.0
323.0
359.0
220.0
215.0
378.0
265.0
116.0
55.0
493.0
265.0
337.0
187.0
235.0
354.0
167.0
251.0
163.0
210.666666667
267.333333333
291.0
118.0
175.0
267.0
290.0
178.0
126.0
448.0
387.0
296.0
139.0
399.0
256.0
450.0
392.0
224.0
327.0
220.0
189.0
158.0
196.0
287.0
70.0
312.0
221.0
332.0
296.0
300.0
368.0
269.0
280.0
380.0
305.0
266.0
130.0
372.0
101.0
419.0
280.0
284.0
274.0
142.0
357.0
156.0
147.0
376.0
412.0
5.0
116.0
369.0
257.0
387.0
129.0
381.0
114.0
382.0
84.0
359.0
195.0
365.0
388.0
230.0
370.0
163.0
260.0
178.0
183.0
335.0
341.0
116.0
295.5
341.0
470.0
198.0
401.0
305.0
361.0
221.0
139.0
456.0
65.0
408.0
287.0
376.0
246.0
251.0
302.5
193.5
288.0
271.0
305.0
166.0
387.0
279.0
365.0
99.0
270.0
369.0
228.0
386.0
324.0
204.0
330.0
228.0
251.0
208.0
282.0
253.0
207.0
316.0
244.0
267.0
384.0
172.0
257.0
461.5
370.0
201.0
246.0
358.0
345.0
288.0
436.0
40.0
199.0
377.0
368.0
302.0
299.0
362.0
160.0
350.0
388.0
172.0
339.0
290.0
254.0
201.0
324.0
124.0
306.5
420.0
96.0
351.0
253.0
417.0
186.0
325.0
303.0
223.0
182.0
145.0
100.0
266.0
434.0
159.0
256.0
347.0
352.0
255.0
285.0
353.5
93.0
347.0
165.0
157.0
187.0
450.0
337.0
342.0
356.0
289.0
283.0
291.0
222.5
380.5
59.0
454.0
394.0
206.0
375.0
150.0
267.0
427.0
275.0
262.0
251.5
385.0
386.0
134.0
38.0
255.0
251.0
395.0
234.0
334.0
361.0
380.0
303.0
242.0
443.0
190.0
41.0
290.0
203.0
146.0
199.0
245.0
131.0
236.0
165.0
216.0
331.0
198.0
259.0
264.0
364.0
328.0
249.0
267.0
243.0
467.0
303.0
388.5
272.0
182.0
307.0
112.0
377.0
253.0
331.0
93.0
75.0
420.0
409.0
259.0
319.0
153.0
80.0
214.0
317.0
358.0
310.5
395.5
469.0
15.0
400.0
157.0
272.0
365.0
251.0
361.0
235.666666667
336.666666667
423.0
268.0
329.0
188.0
340.0
304.0
271.0
231.0
395.0
210.0
371.0
251.0
361.0
296.0
352.0
195.0
207.0
394.0
362.0
32.0
255.0
430.0
399.0
234.0
422.0
245.0
411.0
214.0
154.0
337.0
272.0
159.0
403.0
225.0
275.0
296.0
145.0
296.0
338.0
100.0
310.0
231.0
303.0
140.0
314.0
167.0
