(32, 2, 3, 1)
267.0
259.0
259.0
262.5
265.5
257.0
267.0
259.0
259.0
262.5
265.5
257.0
267.0
259.0
259.0
262.5
265.5
257.0
267.0
259.0
259.0
262.5
265.5
257.0
94.0
169.0
167.5
262.5
265.5
257.0
94.0
169.0
167.5
262.5
265.5
257.0
94.0
169.0
167.5
262.5
265.5
257.0
163.0
195.5
145.0
250.0
250.0
228.5
163.0
195.5
145.0
250.0
250.0
228.5
163.0
195.5
145.0
250.0
250.0
228.5
159.0
194.0
137.5
253.0
219.0
189.0
159.0
194.0
137.5
253.0
219.0
189.0
218.0
242.0
217.0
267.0
259.0
259.0
218.0
242.0
217.0
267.0
259.0
259.0
218.0
242.0
217.0
267.0
259.0
259.0
167.5
253.0
242.0
250.0
195.5
145.0
189.0
163.0
128.0
159.0
250.0
265.5
137.5
262.5
167.5
267.0
253.0
219.0
194.0
145.0
250.0
94.0
228.5
169.0
242.0
267.0
137.5
259.0
218.0
217.0
257.0
94.0
159.0
265.5
219.0
259.0
259.0
128.0
228.5
262.5
189.0
218.0
169.0
194.0
163.0
217.0
267.0
137.5
219.0
257.0
259.0
128.0
242.0
250.0
217.0
167.5
94.0
228.5
137.5
189.0
163.0
259.0
250.0
195.5
169.0
262.5
250.0
265.5
218.0
253.0
159.0
194.0
267.0
259.0
195.5
145.0
217.0
257.0
163.0
195.5
145.0
262.5
265.5
257.0
163.0
195.5
145.0
262.5
265.5
257.0
267.0
259.0
259.0
253.0
219.0
189.0
267.0
259.0
259.0
253.0
219.0
189.0
