(2008, 2)
247
192
206
390
353
166
320
338
325
304
151
341
304
269
332
234
328
237
98
290
295
107
217
348
267
300
15
50
338
94
20
145
50
179
170
355
232
171
148
257
41
290
82
310
251
119
105
78
200
126
377
253
271
210
296
156
330
259
277
187
164
419
83
195
300
208
203
146
223
289
94
275
387
160
218
253
85
271
317
273
340
222
396
75
243
271
28
266
278
191
230
298
247
279
155
192
379
111
359
148
307
185
352
255
238
447
235
227
334
168
297
261
247
116
127
149
269
117
96
363
303
60
227
77
58
226
98
385
283
242
42
351
121
335
382
101
118
37
127
377
333
90
227
139
41
344
260
252
383
246
381
100
388
139
377
76
191
388
347
173
317
133
365
197
216
132
154
359
195
336
205
225
304
209
312
398
309
87
369
200
36
381
191
202
108
281
181
304
165
348
234
83
241
240
251
406
85
423
55
557
193
511
333
247
165
461
387
188
176
348
277
382
296
292
220
372
292
405
140
353
322
94
104
405
377
277
181
382
301
145
213
292
408
78
188
71
174
337
110
379
208
239
225
426
397
5
196
393
339
229
294
325
283
206
217
385
345
264
214
260
277
178
114
190
259
360
255
308
297
244
248
330
312
16
424
175
127
275
116
410
42
435
182
480
86
15
151
45
296
209
357
160
463
175
307
276
294
278
310
183
423
282
250
158
136
431
290
135
197
315
298
337
138
390
363
131
132
302
131
339
247
318
282
133
359
220
241
306
189
313
402
105
207
287
202
180
252
350
241
253
197
5
272
218
70
458
209
349
218
418
352
413
616
367
358
350
293
337
295
450
237
385
223
413
414
130
401
306
271
424
239
436
254
365
174
376
142
388
368
250
10
375
345
208
283
260
87
238
237
256
327
223
332
125
207
196
71
238
180
219
278
295
302
265
171
234
403
177
341
172
94
324
290
211
288
182
181
252
134
409
277
316
337
315
355
182
256
201
310
231
407
130
265
363
353
258
96
390
394
7
211
299
182
282
203
359
188
416
251
375
239
311
247
158
345
28
384
101
232
361
266
213
268
319
232
193
383
72
356
187
300
280
64
349
394
306
158
399
369
250
373
209
119
392
220
243
158
356
340
181
410
250
374
118
421
224
236
168
409
103
346
190
379
390
107
380
388
178
243
341
243
237
250
332
196
350
361
106
352
162
233
421
435
145
315
307
156
454
187
215
228
259
325
215
310
242
378
280
319
340
257
382
379
313
374
271
316
339
254
368
224
411
187
346
283
285
410
324
383
291
265
411
223
427
288
310
294
422
203
334
467
49
253
357
157
297
401
112
297
209
65
226
280
380
350
187
194
328
370
128
246
358
353
201
280
284
252
263
146
259
301
203
359
264
345
288
224
262
355
300
266
369
241
206
332
132
181
272
256
450
427
154
397
263
417
35
366
227
419
37
222
365
243
467
439
125
305
355
183
315
139
260
214
330
413
239
125
398
146
393
305
266
350
189
393
194
31
303
320
326
360
260
416
248
190
357
120
362
235
316
257
249
415
279
70
274
338
319
357
194
100
250
285
204
278
200
392
224
88
361
340
301
349
159
256
347
296
314
281
110
318
230
346
276
436
40
250
311
332
127
365
237
249
257
212
395
464
191
358
156
199
377
218
355
199
416
278
426
235
311
267
371
174
406
198
369
422
225
294
195
263
396
210
211
282
319
262
417
222
359
121
403
354
167
231
367
268
299
339
124
205
306
200
384
316
137
157
498
161
302
276
0
288
277
375
250
106
359
266
325
211
271
388
83
317
281
156
197
519
232
291
171
241
87
229
282
207
316
305
55
283
243
374
256
446
20
224
272
168
279
169
410
125
328
208
333
301
201
353
210
65
445
286
241
382
223
194
342
307
257
187
189
150
342
231
216
151
388
132
273
226
352
349
177
303
274
363
182
288
336
84
415
345
226
128
269
262
319
111
257
254
260
217
247
278
331
288
287
156
280
316
165
268
272
357
276
323
162
401
181
65
392
122
389
182
252
385
282
367
232
291
424
302
151
331
186
240
119
221
234
371
179
271
130
420
158
362
302
219
400
339
402
185
353
179
391
238
387
233
317
97
371
130
410
292
318
200
400
165
50
69
454
312
215
42
220
294
30
250
78
346
55
21
369
183
297
397
140
186
268
20
341
397
65
227
60
245
249
324
55
388
100
184
359
372
41
328
211
230
47
352
202
302
258
396
58
261
158
76
250
318
196
368
163
397
90
204
95
393
196
82
409
65
183
153
40
181
278
126
323
75
246
412
65
282
301
276
155
35
422
337
243
207
264
165
398
262
97
143
150
224
366
350
227
152
299
159
419
69
374
216
370
195
280
241
431
229
259
364
21
266
101
136
107
324
124
275
255
158
234
429
248
308
250
172
328
177
288
70
358
373
261
107
394
188
365
333
93
298
480
357
101
338
201
233
206
360
106
417
156
268
369
118
133
269
91
261
0
213
359
232
404
347
301
241
442
327
268
159
358
319
297
301
305
327
389
272
388
419
229
328
260
280
278
219
348
215
336
391
298
363
35
202
358
178
313
394
174
402
20
278
227
209
276
341
180
300
159
262
227
150
190
282
219
262
173
170
260
379
128
127
371
149
349
305
239
166
291
326
99
479
279
326
143
103
319
39
211
233
279
217
302
313
172
351
203
175
123
339
250
239
431
282
277
165
267
341
151
157
363
298
231
267
106
436
115
205
315
264
323
333
296
65
397
35
405
337
95
355
151
191
340
224
354
337
298
311
280
291
196
310
146
136
432
276
315
378
81
142
301
357
93
265
137
161
388
232
360
102
322
239
315
187
329
258
272
313
227
391
186
230
330
350
88
324
10
245
176
218
340
292
268
241
257
278
245
214
327
281
350
229
371
335
306
197
298
182
216
461
65
354
192
335
432
316
422
306
236
212
359
396
259
105
365
134
330
157
406
222
354
285
225
247
190
177
249
178
255
114
333
384
346
316
268
51
275
93
347
117
176
138
286
5
134
240
165
258
190
207
235
30
212
324
207
132
274
230
41
30
271
173
144
352
46
161
169
372
25
155
229
178
204
238
221
141
179
144
259
143
366
155
299
63
315
176
196
259
173
152
331
319
159
196
322
147
168
373
163
187
224
193
243
10
393
165
157
385
129
319
233
209
339
230
42
229
367
95
241
20
292
254
201
186
50
280
189
300
144
151
214
188
311
237
391
311
102
270
41
201
339
355
136
279
267
226
112
125
321
90
311
339
20
386
213
146
287
199
250
315
187
209
293
273
141
228
416
157
327
55
357
236
258
60
239
485
36
379
215
254
106
265
225
181
90
82
338
329
173
308
10
244
214
147
284
137
325
222
400
352
195
101
150
260
178
104
66
283
264
144
373
105
411
191
451
303
191
365
139
314
336
272
423
170
430
38
492
342
327
397
263
259
423
187
345
309
421
346
240
338
368
330
77
334
203
224
155
322
286
307
441
399
97
141
168
205
347
296
248
46
351
165
359
240
241
298
268
207
324
178
328
173
432
167
203
438
72
40
413
418
244
182
309
345
154
250
180
241
302
305
288
223
354
272
365
195
448
250
279
212
439
366
199
445
240
208
232
227
126
177
326
50
414
202
367
135
355
68
437
377
377
189
371
258
268
180
396
354
375
348
292
384
275
367
310
217
427
141
423
129
359
143
565
327
229
317
248
302
206
142
230
279
282
288
285
483
120
328
120
402
133
419
221
324
241
135
360
286
277
140
357
418
309
326
262
416
212
120
454
218
373
392
170
168
392
184
328
415
31
218
250
410
198
490
229
295
178
177
323
312
306
141
195
194
464
190
320
155
448
337
260
65
370
172
257
225
430
312
399
282
403
394
334
288
361
286
315
243
351
122
356
284
477
272
296
248
275
25
464
148
366
61
273
252
212
210
258
45
372
338
168
209
235
314
267
224
270
132
280
40
354
216
130
229
69
411
83
270
149
346
15
329
129
425
25
237
308
146
229
293
415
274
142
146
192
145
266
153
284
397
30
64
281
325
120
179
421
275
115
253
124
133
356
177
322
345
79
208
268
239
342
157
357
60
291
132
437
137
407
15
386
249
505
212
308
211
206
290
191
174
289
309
160
235
193
340
158
186
325
221
275
239
345
291
249
316
60
242
239
327
141
321
170
337
191
306
452
20
398
26
140
322
203
303
223
180
392
432
241
101
312
210
339
357
156
116
265
184
320
207
144
390
71
182
309
276
216
353
276
262
334
160
408
246
319
139
408
231
481
306
468
240
361
149
403
235
268
261
327
249
326
193
338
321
431
292
409
327
235
413
193
370
232
371
251
267
86
223
262
96
351
379
323
362
231
404
186
296
300
167
370
212
359
254
355
194
334
295
438
290
433
177
167
223
394
395
284
314
295
370
244
493
223
323
309
262
177
253
417
333
227
394
219
224
417
273
355
224
363
295
283
301
300
267
293
284
388
396
120
314
253
443
222
237
401
157
423
356
331
351
160
237
344
315
263
108
344
329
200
309
263
179
439
422
210
280
338
221
390
264
440
173
402
435
192
413
235
77
375
356
289
402
305
405
107
449
85
266
294
219
370
262
410
286
266
348
239
214
325
308
218
269
374
318
145
219
336
234
345
270
746
353
279
383
259
324
307
285
365
294
404
272
357
173
404
187
386
295
337
241
376
249
380
276
348
322
363
446
280
349
226
419
34
346
117
205
236
146
206
250
372
203
388
341
291
59
454
261
288
419
182
184
399
321
55
249
397
113
287
347
301
231
293
98
367
143
370
343
237
363
189
292
312
295
293
385
209
197
378
190
327
36
420
179
407
432
124
375
150
261
321
250
369
358
148
240
173
367
220
280
336
436
246
175
449
278
434
355
172
260
232
240
380
258
394
297
243
407
193
416
241
133
398
258
340
312
277
276
268
335
231
228
442
284
366
65
324
268
386
439
243
275
366
70
498
265
409
329
305
377
207
437
120
404
239
375
149
285
388
232
237
253
231
264
290
406
211
148
431
233
296
189
177
243
304
378
180
275
296
387
291
302
519
368
197
214
396
369
216
272
307
143
395
419
275
209
306
289
322
251
395
437
181
214
184
169
465
450
159
286
206
433
222
418
339
250
374
262
287
326
420
313
317
262
262
267
419
281
364
361
177
266
303
227
287
369
252
163
374
65
420
164
541
125
496
173
234
239
382
387
20
340
130
210
369
404
146
211
302
109
309
366
233
198
225
350
77
293
48
264
482
111
332
219
327
334
247
412
178
377
189
172
371
122
314
357
56
468
117
214
243
75
420
419
193
250
293
425
268
119
441
282
253
301
278
95
297
380
252
257
392
414
161
342
266
409
259
133
395
263
257
342
205
35
328
439
211
343
200
232
252
96
391
389
68
406
65
217
307
107
259
397
80
263
301
409
261
231
527
300
196
307
50
410
179
332
257
238
436
245
456
375
68
439
230
175
491
257
483
172
509
61
514
233
241
225
228
270
439
106
406
282
451
257
440
30
161
68
343
55
243
257
426
227
334
205
199
91
250
290
240
219
202
150
410
106
441
262
206
275
187
193
387
258
302
395
82
361
185
444
247
218
261
229
355
229
327
404
282
259
275
351
213
202
273
188
483
278
392
367
311
204
157
140
416
312
281
191
91
277
239
356
96
269
499
398
69
80
214
195
338
302
284
277
392
147
246
58
375
204
320
443
111
257
237
369
110
160
404
355
277
134
241
196
373
264
313
321
280
270
152
327
77
226
382
300
282
360
297
439
34
459
81
234
315
518
153
429
192
229
330
304
191
437
255
377
104
429
32
335
200
275
278
280
415
279
329
251
361
217
308
407
200
65
304
215
324
216
397
177
473
296
308
322
358
237
401
197
367
249
383
51
433
468
176
372
174
94
302
106
338
271
325
436
242
354
219
281
75
206
330
329
33
242
168
211
173
44
590
187
210
90
229
152
367
275
283
214
371
407
96
196
436
258
237
111
346
425
150
430
152
180
170
94
365
246
274
55
428
242
75
437
31
381
136
254
220
334
210
198
323
355
61
356
292
219
360
389
239
218
438
325
140
193
8
359
175
350
190
165
329
103
383
319
172
66
377
374
220
327
60
367
305
75
339
238
150
147
435
221
178
371
80
73
354
67
418
243
251
241
247
51
454
208
601
57
369
361
66
429
196
431
107
276
396
248
247
155
254
292
267
177
304
266
168
190
346
135
347
239
144
422
298
224
118
370
109
245
343
324
267
278
153
432
289
285
369
123
365
198
364
231
292
435
301
347
438
0
1
394
373
274
415
222
371
406
173
300
377
184
290
266
354
292
320
267
381
325
358
298
279
110
335
233
285
386
110
249
267
361
91
361
113
248
300
442
35
383
80
169
402
187
137
351
266
240
460
342
93
353
188
53
235
111
291
247
329
258
41
255
389
258
415
194
293
300
284
321
234
279
73
214
313
482
129
117
321
102
215
256
239
190
325
297
168
323
172
364
380
398
232
429
223
83
388
389
257
394
290
466
205
267
435
205
323
398
139
338
327
438
192
181
324
286
414
105
341
324
85
230
389
59
448
249
279
293
290
243
349
165
429
190
271
261
437
361
319
401
346
62
355
417
105
216
555
260
276
448
204
265
259
260
265
203
309
229
352
164
322
193
393
416
194
251
262
431
300
174
422
241
381
382
382
238
203
226
470
331
245
308
71
289
253
175
434
317
366
278
301
267
441
205
409
370
355
245
389
261
381
172
412
292
407
332
227
269
311
380
278
159
437
265
397
177
367
288
453
329
125
182
145
341
173
400
157
435
53
339
89
371
153
20
321
336
229
314
229
280
160
267
236
84
359
374
231
204
386
346
211
325
199
353
252
156
266
195
365
82
381
142
241
233
99
123
318
171
279
230
406
159
411
80
394
126
362
285
160
145
296
91
327
106
409
370
253
397
277
140
375
269
117
289
237
208
364
319
305
318
231
134
275
335
244
265
315
226
198
177
302
243
424
191
124
257
280
297
125
145
364
376
197
216
327
440
196
40
308
114
265
124
373
25
254
208
411
132
415
212
211
281
322
143
373
191
170
331
134
402
87
497
46
223
265
401
105
288
369
265
323
274
360
389
81
175
381
355
166
278
341
422
285
346
247
267
244
242
464
388
230
414
128
225
367
251
326
327
115
194
403
389
86
370
163
179
330
195
378
184
332
328
393
130
397
251
131
451
234
278
327
337
283
446
270
441
207
419
288
270
435
266
396
91
477
252
313
198
247
281
190
278
234
275
371
250
268
292
210
311
346
233
371
129
328
45
261
61
238
93
227
78
323
313
306
354
313
144
308
317
35
262
370
339
215
401
150
244
83
178
253
304
22
96
136
155
433
248
324
243
307
103
212
469
15
379
202
98
225
25
310
235
208
199
359
241
224
290
362
334
173
347
214
81
435
245
122
66
91
161
108
217
137
377
224
405
90
139
368
102
339
454
178
70
327
142
171
241
259
380
119
343
168
203
227
423
128
163
344
159
393
105
336
312
25
127
166
123
310
156
339
391
249
473
185
84
399
75
361
387
165
176
192
321
203
240
223
270
253
103
301
246
447
395
201
10
122
296
177
131
151
309
170
131
369
241
382
35
479
306
273
386
134
57
418
363
81
412
230
302
325
295
220
109
409
220
292
291
440
219
360
262
367
407
186
194
171
386
248
273
25
494
78
267
440
299
465
189
451
297
383
230
310
281
353
249
479
265
444
398
298
324
305
161
418
188
434
259
301
181
298
385
166
371
226
335
189
294
196
366
225
72
325
140
252
338
156
120
353
187
278
161
367
272
182
199
139
248
387
176
242
247
396
291
389
170
309
138
374
344
94
412
265
84
314
116
180
65
408
251
232
130
444
263
71
33
168
250
393
241
287
203
367
361
221
269
251
128
346
166
352
444
169
291
89
258
198
403
57
382
150
229
206
183
322
109
400
217
396
258
257
65
365
312
219
369
173
183
294
329
232
217
423
396
192
288
228
346
82
258
251
415
263
302
318
139
456
378
165
158
189
337
289
398
205
370
263
205
465
373
84
307
388
208
20
225
372
336
69
380
223
170
338
193
332
360
235
472
226
303
272
303
211
65
244
100
266
347
433
171
499
319
271
409
127
362
195
406
183
275
418
302
396
259
344
259
404
397
168
357
281
226
365
250
353
193
404
212
354
392
125
308
237
72
255
239
282
348
270
406
57
235
279
354
153
157
384
151
243
60
342
326
254
322
155
395
234
184
185
397
275
360
116
129
381
361
106
88
326
245
231
197
278
268
339
395
142
294
355
367
175
196
356
52
378
106
298
281
404
293
334
153
290
228
343
255
633
202
317
181
340
353
35
201
340
299
77
364
313
200
363
122
269
383
200
81
439
257
407
322
284
355
149
443
243
387
279
229
375
341
153
347
216
387
194
174
272
464
232
294
298
133
370
382
237
447
202
387
117
298
259
283
254
352
119
187
373
310
71
147
416
184
339
204
360
297
224
261
437
373
392
238
328
422
172
376
190
278
392
343
305
372
261
243
383
216
375
391
300
378
289
386
186
344
327
301
284
341
303
220
332
220
256
209
400
176
467
190
203
440
165
264
187
239
158
375
156
147
297
73
443
25
435
267
183
307
303
340
32
255
174
260
256
280
264
364
186
331
403
274
174
339
341
179
250
239
349
407
15
311
246
202
204
402
266
334
177
190
90
353
278
223
291
246
78
220
119
41
386
360
220
208
431
165
216
36
428
510
192
376
171
248
202
226
250
33
386
136
431
360
244
286
239
141
363
136
315
258
309
386
271
213
451
380
246
230
384
229
145
235
351
376
163
241
292
209
285
20
368
395
229
204
350
160
414
220
376
267
317
312
258
171
330
355
200
278
262
285
291
362
50
140
436
260
236
407
306
170
405
366
269
177
387
252
308
219
356
285
393
343
206
341
115
407
285
274
356
344
297
422
271
277
326
295
216
267
267
334
264
206
317
185
261
324
188
78
253
110
180
272
247
147
288
353
253
116
299
159
320
217
398
313
251
219
295
265
55
78
382
111
253
194
60
303
217
66
156
210
182
228
27
219
128
224
167
179
297
299
218
244
143
138
296
133
341
383
189
343
197
