(4193, 2)
113.5
390.5
312.0
215.0
186.0
268.0
184.0
359.0
302.0
258.0
396.0
58.0
82.0
409.0
282.0
301.0
143.0
150.0
266.0
101.0
158.0
234.0
70.0
358.0
268.0
369.0
305.0
337.0
352.0
277.0
195.0
168.0
318.0
79.0
121.0
194.0
98.0
326.0
296.0
52.0
411.0
118.0
50.0
387.0
209.0
295.0
311.0
193.0
436.0
25.0
450.0
189.0
83.0
420.0
375.0
138.0
183.0
155.0
337.0
198.0
223.0
181.0
358.0
211.0
337.0
273.0
259.0
242.0
199.0
388.0
214.0
10.0
410.0
91.0
224.0
473.0
204.0
295.0
172.0
434.0
192.0
382.0
159.0
187.0
152.0
472.0
351.0
259.0
63.0
306.0
383.0
251.0
322.0
351.0
468.0
143.0
209.0
346.0
378.0
254.0
278.0
216.0
335.0
198.0
186.0
387.5
231.0
367.0
316.0
137.0
375.0
250.0
156.0
197.0
305.0
55.0
286.0
241.0
307.0
257.0
349.0
177.0
111.0
257.0
288.0
287.0
401.0
181.0
291.0
424.0
288.5
419.0
294.0
324.0
150.0
365.0
349.0
325.0
387.0
324.0
391.0
298.0
360.0
129.0
266.0
457.0
364.0
180.0
344.0
401.0
430.0
199.0
211.0
350.0
342.0
314.0
333.0
394.0
347.0
75.0
88.0
436.0
183.0
278.0
83.0
326.0
191.0
254.0
311.0
297.0
332.0
295.0
430.0
284.0
326.0
139.0
209.0
321.0
346.0
117.0
143.0
370.0
250.0
369.0
358.0
148.0
416.0
241.0
335.0
231.0
265.0
409.0
233.0
296.0
419.0
275.0
217.5
420.0
238.0
242.0
362.0
32.0
330.0
159.0
230.0
274.0
336.0
142.0
220.0
365.0
214.0
219.0
226.0
344.0
156.0
246.0
40.0
282.0
25.0
407.0
245.0
524.0
237.0
454.0
412.0
371.0
399.0
215.0
340.0
258.0
186.0
368.0
207.0
217.0
381.0
237.0
40.0
169.0
137.0
376.0
159.0
369.0
447.0
140.0
346.0
189.0
306.0
370.0
219.0
403.0
233.0
378.0
427.0
196.0
397.0
146.0
387.0
260.0
278.0
322.0
431.333333333
299.0
350.0
15.0
212.0
313.0
161.0
270.0
423.0
197.0
138.0
371.0
101.0
426.0
247.0
308.0
385.0
284.0
329.0
33.0
187.0
210.0
180.0
170.0
55.0
428.0
355.0
61.0
319.0
172.0
75.0
339.0
371.0
80.0
361.0
66.0
276.0
396.0
266.0
168.0
224.0
118.0
352.0
172.0
47.0
379.0
273.0
273.0
208.0
195.0
318.0
208.0
404.0
209.0
378.0
195.0
164.0
74.0
110.0
404.0
254.0
375.0
285.0
294.0
264.0
183.0
187.0
518.0
179.0
457.0
401.0
195.0
222.0
292.0
348.0
408.0
375.0
165.0
218.0
161.0
263.0
284.0
137.0
359.0
131.0
349.0
320.0
143.0
267.0
269.0
61.0
418.0
368.0
256.0
223.0
244.0
478.0
110.0
441.0
206.0
237.0
128.0
220.0
356.0
147.0
297.0
280.0
264.0
239.0
349.0
246.0
78.0
376.0
171.0
136.0
431.0
136.0
315.0
241.0
292.0
267.0
317.0
278.0
262.0
252.0
308.0
343.0
206.0
338.0
295.666666667
15.0
432.0
57.0
477.0
355.0
207.0
382.0
179.0
249.0
355.0
434.0
184.0
358.0
273.0
418.0
131.0
285.0
349.0
302.0
407.0
208.5
431.5
219.0
202.0
395.0
82.0
218.0
261.0
259.0
275.0
204.0
157.0
80.0
214.0
204.0
320.0
270.0
152.0
518.0
153.0
437.0
255.0
280.0
415.0
65.0
304.0
191.0
217.0
110.0
473.0
499.0
270.0
243.0
255.0
138.0
398.0
186.0
99.0
437.0
242.0
270.0
310.0
212.0
327.0
388.0
215.0
207.0
339.0
336.0
328.0
288.5
432.5
127.0
334.0
302.0
95.0
207.0
370.0
354.0
58.0
450.0
293.0
363.0
270.0
264.0
369.0
352.0
93.0
82.0
395.0
269.333333333
356.333333333
301.0
145.0
339.0
229.0
345.0
264.0
277.0
178.0
424.0
175.0
296.0
209.0
423.0
282.0
290.0
135.0
131.0
339.0
282.0
133.0
241.0
253.0
229.5
359.0
345.0
116.0
217.0
302.0
178.0
263.0
396.0
205.0
166.0
208.0
305.0
364.0
168.0
390.0
60.0
319.0
142.0
388.0
327.0
223.0
207.0
196.0
278.0
295.0
277.0
316.0
211.0
299.0
345.0
28.0
232.0
193.0
369.0
250.0
409.0
103.0
243.0
341.0
352.0
162.0
303.5
383.0
403.5
255.0
382.0
185.0
279.0
404.0
364.0
248.0
356.0
282.0
226.0
330.0
260.0
345.0
455.0
266.0
407.333333333
287.666666667
384.0
189.0
377.0
224.5
72.0
255.0
322.0
155.0
268.0
339.0
367.0
175.0
353.0
35.0
200.0
363.0
355.0
149.0
174.0
272.0
382.0
237.0
187.0
373.0
238.0
328.0
376.0
190.0
229.5
379.0
211.0
173.0
214.0
371.0
246.0
274.0
198.0
323.0
193.0
8.0
350.0
190.0
147.0
435.0
241.0
247.0
57.0
369.0
177.0
304.0
239.0
144.0
324.0
267.0
194.0
169.0
428.0
120.0
129.0
288.0
250.0
402.0
197.0
325.0
165.0
281.0
82.0
139.0
338.0
259.0
353.0
150.0
138.0
389.0
36.0
359.0
335.0
138.0
33.0
355.0
340.0
243.0
351.0
107.0
255.0
295.0
264.0
382.0
184.0
152.0
290.0
366.0
390.0
174.0
294.0
260.0
238.0
318.0
362.0
86.0
338.0
100.0
227.5
414.0
268.0
415.5
262.5
319.5
262.0
370.0
401.0
150.0
155.0
433.0
199.0
359.0
380.0
119.0
156.0
339.0
321.0
203.0
309.0
170.0
407.0
186.0
243.0
417.0
270.0
220.0
322.0
207.0
94.0
310.0
167.0
287.0
138.0
386.0
341.0
143.0
297.0
250.0
314.0
259.0
296.666666667
280.0
110.0
335.0
353.0
188.0
102.0
215.0
466.0
205.0
338.0
327.0
286.0
414.0
249.0
279.0
203.0
309.0
226.0
470.0
327.0
329.0
372.0
306.0
248.0
292.0
125.0
126.0
239.0
319.0
353.0
351.0
68.0
356.0
241.0
386.0
463.0
276.0
266.0
384.0
231.0
481.0
194.5
382.0
413.0
193.0
362.0
231.0
295.0
438.0
314.0
295.0
253.0
417.0
267.0
293.0
284.0
388.0
314.0
253.0
351.0
160.0
435.0
192.0
219.0
370.0
269.0
374.0
252.0
545.5
267.5
380.5
368.0
292.0
378.0
81.0
349.0
332.0
376.0
95.0
421.0
234.0
271.0
336.0
388.0
221.0
229.0
428.0
284.5
382.0
396.0
193.0
306.0
273.0
295.0
388.0
452.0
299.0
329.0
220.0
118.0
420.0
228.0
433.0
470.0
292.0
72.0
477.0
455.0
99.0
258.0
190.0
372.0
25.0
141.0
179.0
152.0
331.0
319.0
233.0
280.0
189.0
146.0
287.0
60.0
239.0
82.0
338.0
308.0
10.0
283.0
264.0
263.0
360.0
358.0
30.0
126.0
91.0
99.0
366.0
211.0
367.0
95.0
380.0
261.0
285.0
43.0
252.0
207.0
337.0
244.0
25.0
289.0
352.5
321.0
357.0
128.0
398.0
395.0
234.0
212.0
269.0
393.0
225.0
296.0
311.0
380.0
181.0
110.0
360.0
296.0
405.0
484.0
258.0
235.0
363.5
235.666666667
336.666666667
55.0
290.0
190.0
378.0
392.0
172.0
378.0
200.0
366.0
293.0
295.0
258.0
381.0
228.0
71.0
421.0
188.0
391.0
196.0
406.0
254.0
385.5
389.333333333
298.333333333
370.0
255.0
165.0
323.0
393.0
311.0
376.0
172.0
91.0
400.0
378.0
193.0
37.0
362.0
275.0
372.5
259.0
374.0
239.0
282.0
184.0
185.0
245.0
231.0
395.0
142.0
281.0
404.0
364.0
313.0
322.0
284.0
347.0
216.0
447.0
202.0
373.0
392.0
384.0
172.0
330.0
228.0
284.0
232.0
248.0
422.0
375.0
124.0
324.0
123.0
265.333333333
327.666666667
41.0
290.0
200.0
126.0
296.0
156.0
223.0
289.0
396.0
75.0
379.0
111.0
247.0
116.0
121.0
335.0
388.0
139.0
195.0
336.0
312.0
398.0
36.0
381.0
308.0
341.0
220.0
220.0
233.0
153.0
167.0
363.0
10.0
303.0
257.0
387.0
218.0
434.0
447.0
141.0
230.0
313.0
472.0
181.0
323.0
207.0
466.0
88.0
310.0
123.0
160.0
270.0
464.0
229.0
279.0
382.0
116.0
335.0
38.0
255.0
237.5
358.0
164.0
124.0
414.0
93.0
210.0
351.0
271.0
341.0
323.0
277.0
32.0
320.0
240.0
393.0
368.0
202.0
345.0
158.0
356.0
275.0
402.0
129.0
252.333333333
223.666666667
317.0
35.0
469.0
15.0
98.0
225.0
290.0
362.0
105.0
336.0
296.0
177.0
306.0
273.0
494.0
78.0
308.0
416.0
295.5
341.0
358.0
117.0
392.0
55.0
100.0
387.0
368.0
196.0
80.0
382.0
244.0
379.0
410.0
413.0
129.0
279.0
401.0
305.0
169.0
413.0
87.0
366.0
370.333333333
300.333333333
174.5
426.0
385.0
166.0
294.0
196.0
170.0
309.0
65.0
408.0
361.0
221.0
403.0
57.0
258.0
251.0
307.0
388.0
303.0
272.0
131.0
342.0
201.0
376.0
115.0
476.0
234.0
194.0
202.0
134.0
258.0
343.0
295.0
332.0
205.0
331.0
265.0
319.0
365.0
143.0
154.0
337.0
299.0
362.0
296.0
357.0
120.0
282.0
154.5
475.0
292.0
375.0
300.5
269.0
380.0
278.0
400.0
157.0
325.0
199.0
159.0
411.0
243.0
424.0
124.0
373.0
497.0
46.0
265.0
323.0
388.0
230.0
194.0
403.0
391.5
276.5
157.0
384.0
151.0
243.0
196.0
356.0
293.0
334.0
122.0
269.0
229.0
375.0
294.0
298.0
261.0
437.0
422.0
172.0
182.0
145.0
280.0
160.0
195.0
365.0
269.0
117.0
191.0
124.0
132.0
415.0
242.0
464.0
195.0
378.0
361.0
301.5
272.0
182.0
176.0
242.0
130.0
444.0
269.0
251.0
229.0
206.0
288.0
228.0
373.0
84.0
472.0
226.0
395.0
230.0
388.0
92.0
341.0
188.0
90.0
379.0
95.0
413.0
359.0
249.0
380.0
233.0
225.0
390.0
295.0
219.0
230.0
399.0
10.0
375.0
71.0
238.0
302.0
265.0
288.0
182.0
310.0
231.0
203.0
359.0
384.0
101.0
158.0
356.0
236.0
168.0
388.0
178.0
228.0
259.0
318.0
334.0
370.0
86.0
158.0
373.0
266.0
245.0
158.0
328.0
368.0
302.0
147.0
375.0
354.0
184.0
160.0
350.0
281.0
260.0
506.0
158.0
298.0
368.0
249.0
336.0
340.0
191.0
241.0
132.0
287.0
376.0
176.0
268.0
285.0
404.0
388.0
119.0
20.0
430.0
91.0
435.0
306.0
603.0
325.0
205.0
95.0
432.0
80.0
393.0
286.0
90.0
265.0
337.0
272.0
382.0
172.0
377.0
96.0
325.0
325.0
299.0
211.0
393.0
176.0
225.0
130.0
435.0
430.0
206.0
345.0
275.0
352.0
65.0
126.0
345.0
117.0
475.0
296.0
109.0
205.0
389.0
364.0
148.0
301.0
310.0
252.0
293.0
346.0
169.0
388.0
197.0
266.0
376.0
178.0
61.0
100.0
251.0
409.0
238.0
120.0
291.0
216.0
285.0
151.0
287.0
276.5
375.0
202.0
424.0
127.0
564.0
156.0
280.0
134.0
344.0
313.0
195.0
474.0
242.0
173.0
359.0
384.0
179.0
248.0
155.0
375.5
213.0
285.0
353.5
244.0
419.0
157.0
297.0
194.0
328.0
146.0
259.0
345.0
288.0
397.0
263.0
183.0
315.0
305.0
266.0
31.0
303.0
416.0
248.0
70.0
274.0
349.0
159.0
249.0
257.0
238.5
421.0
222.0
384.0
356.0
133.0
206.0
261.0
413.0
191.0
286.0
324.0
364.0
249.0
349.0
66.0
276.0
113.0
297.0
337.0
392.0
95.0
252.0
135.0
338.0
156.0
84.0
314.0
166.0
352.0
183.0
322.0
139.0
456.0
208.0
20.0
336.0
69.0
286.5
386.0
251.0
265.0
276.0
374.0
314.0
352.0
264.0
329.0
320.0
233.0
52.0
503.0
181.0
377.0
437.0
84.0
384.0
341.0
181.0
390.0
436.0
273.0
281.0
75.0
275.0
283.0
254.0
220.0
219.0
360.0
103.0
383.0
67.0
418.0
208.0
601.0
422.0
298.0
248.0
400.0
141.0
357.0
305.0
195.0
264.0
254.0
243.0
260.0
361.0
214.0
337.0
110.0
255.0
152.0
20.0
467.0
116.0
266.0
303.0
140.0
12.0
344.0
249.0
267.0
258.0
41.0
394.0
290.0
181.0
324.0
165.0
429.0
361.0
319.0
229.0
352.0
289.0
253.0
268.333333333
281.666666667
416.0
154.0
220.0
351.0
109.0
359.0
237.0
383.0
149.0
369.0
248.0
392.0
91.0
421.0
193.0
344.0
489.0
194.0
439.0
69.0
220.0
392.0
217.0
387.0
193.0
397.0
221.0
187.0
15.0
381.0
90.0
224.0
375.0
127.0
257.0
311.0
307.0
283.0
20.0
321.0
145.0
296.0
318.0
231.0
226.0
198.0
281.0
322.0
414.0
128.0
389.0
86.0
332.0
159.0
274.0
223.0
396.0
213.0
324.0
204.0
203.0
463.0
232.0
395.0
341.0
222.0
419.0
34.0
343.0
237.0
261.0
321.0
407.0
193.0
284.0
366.0
285.0
388.0
387.0
291.0
209.0
306.0
184.0
404.0
90.0
324.0
253.0
206.0
90.0
133.0
350.0
242.0
451.0
307.0
181.0
435.5
420.0
42.0
203.0
262.0
230.0
302.0
225.0
232.0
393.0
151.0
457.0
287.0
318.0
291.0
227.0
418.0
141.0
395.0
280.0
265.0
407.0
172.0
365.0
256.5
264.0
187.0
340.0
32.0
364.0
186.0
353.0
278.0
360.0
220.0
386.0
271.0
376.0
163.0
312.0
258.0
140.0
436.0
366.0
269.0
341.666666667
312.666666667
202.5
255.0
453.0
169.0
265.0
329.0
230.0
352.0
372.0
203.0
263.0
341.0
239.0
382.0
304.0
211.0
288.0
226.0
330.0
361.0
353.0
306.0
316.0
267.0
114.0
382.0
136.0
511.0
145.5
376.5
311.0
253.0
285.0
306.0
166.0
320.0
434.0
227.0
188.0
229.0
358.0
147.0
402.0
186.0
370.0
168.0
70.0
325.0
50.0
179.0
105.0
78.0
277.0
187.0
85.0
271.0
238.0
447.0
42.0
351.0
41.0
344.0
365.0
197.0
205.0
225.0
121.0
421.0
54.0
332.0
299.0
347.0
5.0
380.0
442.0
70.0
254.0
365.0
180.0
219.0
94.0
324.0
355.0
182.0
251.0
375.0
268.0
319.0
158.0
399.0
346.0
190.0
196.0
350.0
233.0
421.0
129.0
328.0
354.0
313.0
103.0
212.0
241.0
224.0
139.0
368.0
387.0
165.0
295.0
220.0
435.0
53.0
156.0
266.0
140.0
375.0
208.0
411.0
402.0
87.0
355.0
166.0
130.0
397.0
136.0
175.0
196.0
302.0
103.0
343.0
35.0
279.0
299.0
160.0
196.0
182.0
255.0
430.0
174.0
376.0
87.0
238.0
256.0
201.0
300.0
280.0
107.0
380.0
187.0
215.0
238.0
419.0
380.0
233.0
261.0
260.0
251.0
208.0
273.0
293.0
338.0
185.0
487.0
358.5
332.0
125.0
290.0
211.0
181.0
252.0
353.0
258.0
247.0
158.0
383.0
72.0
410.0
250.0
361.0
106.0
315.0
307.0
376.5
292.0
250.0
78.0
397.0
140.0
227.0
60.0
328.0
211.0
393.0
196.0
153.0
40.0
75.0
246.0
207.0
264.0
195.0
280.0
429.0
248.0
357.0
101.0
232.0
347.0
251.0
5.0
140.0
402.0
376.0
51.0
270.0
243.0
468.0
145.0
300.0
281.0
146.0
367.0
182.0
288.0
133.0
300.0
260.5
367.5
391.0
75.0
407.0
257.0
255.0
403.0
386.0
257.0
370.0
201.0
156.0
275.0
402.0
147.0
173.0
347.0
122.0
226.0
231.0
264.0
117.0
375.0
144.0
308.0
248.0
324.0
454.0
178.0
240.0
223.0
10.0
122.0
131.0
369.0
168.0
414.5
124.0
534.0
377.0
277.0
213.0
292.0
397.0
5.0
182.0
480.0
307.0
276.0
136.0
431.0
138.0
390.0
359.0
220.0
189.0
313.0
139.5
403.5
391.5
194.5
149.0
356.0
336.0
172.0
236.0
277.0
184.0
336.0
380.0
91.0
216.0
313.0
187.0
232.0
280.0
404.0
66.0
431.0
206.5
379.0
193.0
404.0
348.0
270.0
197.0
278.0
52.0
378.0
181.0
340.0
299.0
77.0
387.0
194.0
387.0
117.0
310.0
71.0
297.0
224.0
208.0
394.0
254.0
302.0
156.0
451.0
367.0
113.0
245.0
406.0
216.0
359.0
274.0
252.0
400.0
303.0
112.0
374.0
390.0
258.0
408.0
261.0
243.0
376.0
173.0
406.0
264.5
333.0
25.0
464.0
148.0
366.0
45.0
372.0
209.0
235.0
411.0
83.0
425.0
25.0
397.0
30.0
179.0
421.0
208.0
268.0
174.0
289.0
291.0
249.0
337.0
191.0
180.0
392.0
390.0
71.0
192.5
363.5
195.0
283.0
231.0
471.0
305.0
166.0
383.0
222.0
179.0
98.0
282.0
229.0
53.0
306.0
168.0
329.0
387.0
210.0
101.0
419.0
192.0
434.0
213.0
338.0
179.0
358.0
285.0
351.0
352.0
173.0
262.0
352.0
234.0
334.0
361.0
380.0
228.0
277.0
207.0
251.0
97.0
453.0
221.0
364.0
382.0
253.0
221.0
317.0
259.0
259.0
180.0
326.0
262.0
435.0
261.0
322.0
282.0
235.0
321.0
115.0
222.0
188.0
183.0
399.0
407.0
144.0
392.0
336.0
168.0
348.0
242.0
414.0
229.0
423.0
417.0
326.0
348.0
364.0
262.0
526.0
322.0
227.0
435.0
227.0
51.0
409.0
122.0
326.0
342.0
286.0
146.0
399.0
93.0
337.0
240.333333333
211.333333333
170.0
355.0
164.0
419.0
243.0
271.0
307.0
185.0
334.0
168.0
58.0
226.0
118.0
37.0
260.0
252.0
237.5
161.5
216.0
487.0
116.5
511.5
257.0
426.0
106.0
441.0
444.0
247.0
188.0
483.0
140.0
416.0
269.0
499.0
160.0
404.0
321.0
280.0
459.0
81.0
429.0
32.0
196.5
435.0
175.0
328.666666667
189.0
158.0
351.0
206.0
352.0
70.0
274.0
307.0
264.0
313.0
196.0
287.0
291.0
118.0
301.0
96.0
175.0
267.0
416.0
257.0
247.0
318.0
70.0
312.0
274.0
245.0
342.0
66.0
304.0
149.0
234.0
190.0
212.0
314.0
189.0
276.0
124.0
398.0
346.0
159.0
96.0
413.0
361.0
235.0
318.0
251.5
338.0
94.0
340.0
222.0
303.0
60.0
227.0
139.0
347.0
173.0
154.0
359.0
191.0
202.0
181.0
304.0
165.0
348.0
164.0
45.0
158.0
320.0
164.0
216.0
370.0
133.0
113.0
391.0
432.0
232.0
392.0
125.0
60.0
342.0
361.0
106.0
202.0
317.0
298.0
259.0
147.0
416.0
395.0
296.0
299.0
205.0
300.0
393.0
335.0
333.0
422.0
201.0
399.0
120.0
129.0
374.0
265.0
383.0
254.0
308.0
434.0
107.0
351.0
236.0
330.0
273.0
199.0
226.0
373.0
223.0
162.0
420.0
258.0
196.0
30.0
461.0
188.0
326.0
381.0
138.0
292.0
379.0
299.0
295.0
334.0
203.0
228.0
286.0
340.0
45.0
127.0
336.0
456.0
169.0
182.0
352.0
104.0
252.0
353.0
304.0
270.0
336.0
422.0
101.0
249.0
273.0
180.0
379.0
193.0
278.0
122.0
32.0
279.0
191.0
289.0
121.0
394.0
221.0
260.0
343.0
580.0
192.0
248.0
200.0
165.0
50.0
42.0
220.0
388.0
100.0
181.0
278.0
35.0
422.0
152.0
299.0
229.0
259.0
177.0
288.0
360.0
106.0
285.0
225.0
247.0
190.0
51.0
275.0
161.0
169.0
144.0
259.0
10.0
393.0
209.0
339.0
254.0
201.0
355.0
136.0
273.0
141.0
329.0
173.0
222.0
400.0
140.0
252.0
248.0
387.0
412.0
265.0
128.0
346.0
382.0
150.0
398.0
205.0
380.0
223.0
259.5
425.0
419.0
141.0
238.0
446.0
274.0
324.0
359.0
295.0
155.0
392.0
357.0
249.0
202.0
420.0
219.0
414.0
362.666666667
273.333333333
242.0
245.0
393.0
237.0
282.0
478.0
326.0
431.0
468.0
323.0
221.0
420.0
391.0
195.0
210.0
363.0
278.0
227.0
170.0
260.0
305.0
239.0
326.0
143.0
339.0
250.0
267.0
106.0
291.0
196.0
357.0
93.0
265.0
137.0
187.0
329.0
350.0
88.0
214.0
327.0
321.0
293.5
73.0
443.0
179.0
250.0
311.0
246.0
220.0
119.0
165.0
216.0
258.0
309.0
230.0
384.0
355.0
200.0
341.0
115.0
194.0
398.5
139.0
427.0
369.0
290.0
318.0
409.0
497.0
247.0
236.0
372.0
243.0
305.0
385.0
253.0
154.0
339.0
425.0
210.0
276.0
213.0
260.0
355.0
310.0
194.0
232.0
396.0
199.0
245.0
240.0
294.0
145.0
410.0
383.0
106.0
265.0
243.0
327.0
242.0
107.0
271.0
305.0
223.0
406.0
215.0
347.0
231.0
270.0
192.0
55.0
493.0
249.0
222.0
390.0
265.0
447.0
140.0
173.0
344.0
136.0
366.0
174.0
505.0
231.0
322.0
188.0
386.0
214.0
338.0
196.0
226.0
295.0
298.666666667
322.0
94.0
225.0
426.0
214.0
260.0
248.0
330.0
86.0
15.0
298.0
337.0
253.0
367.5
247.0
81.0
165.0
133.0
348.0
250.0
288.0
271.0
322.0
155.0
295.0
230.0
255.0
51.0
362.0
125.0
371.0
179.0
251.5
385.0
218.0
490.0
186.0
348.0
365.0
134.0
325.0
349.0
297.0
405.0
235.0
279.0
106.0
298.0
153.0
290.0
255.0
633.0
184.0
339.0
222.0
359.0
121.0
403.0
268.0
299.0
388.0
83.0
519.0
232.0
446.0
20.0
303.0
274.0
268.0
272.0
367.0
232.0
321.0
154.5
188.0
422.5
68.0
343.0
275.0
187.0
191.0
91.0
443.0
111.0
196.0
373.0
300.0
282.0
360.0
297.0
304.0
191.0
251.0
361.0
194.5
401.5
207.5
446.0
164.0
404.0
247.0
238.0
264.0
325.0
275.0
187.0
379.0
344.0
390.0
116.0
439.0
147.0
434.0
219.0
236.5
433.5
223.0
400.5
464.0
106.0
392.0
93.0
413.0
210.0
415.0
240.0
362.0
330.0
26.0
438.0
419.0
146.0
319.0
212.0
214.0
372.0
91.0
318.0
408.333333333
287.333333333
102.0
371.0
117.0
367.0
300.0
283.0
357.0
227.0
104.0
230.0
158.0
487.0
352.0
278.0
230.0
358.0
146.0
462.0
181.0
439.0
311.0
70.0
408.0
249.0
221.0
335.0
58.0
334.0
433.0
70.0
363.0
242.0
113.0
266.0
161.0
507.0
218.0
222.0
351.0
192.0
278.0
113.0
341.0
183.0
276.0
279.0
374.0
186.0
422.0
112.0
153.0
312.0
299.0
117.0
141.0
168.0
165.0
359.0
418.0
244.0
212.0
439.0
377.0
377.0
354.0
375.0
317.0
248.0
286.0
277.0
326.0
262.0
415.0
31.0
490.0
229.0
65.0
370.0
289.0
237.0
257.0
280.0
440.0
196.0
401.0
105.0
422.0
285.0
328.0
393.0
314.0
413.5
204.0
389.0
333.0
232.0
324.0
153.0
201.0
331.0
213.0
259.0
231.0
382.0
305.0
70.0
371.0
288.0
302.0
276.0
376.0
162.0
344.0
168.0
206.0
129.0
207.0
349.0
354.0
300.0
344.0
355.0
351.0
403.5
208.0
195.0
15.0
388.0
224.0
323.0
329.0
170.0
47.0
390.0
248.5
344.0
144.0
310.0
227.0
366.0
197.0
443.0
244.0
334.0
162.0
376.0
187.0
376.0
336.0
362.0
269.5
508.5
371.0
278.0
377.0
236.0
118.0
227.0
292.0
261.0
458.0
258.0
507.0
186.0
103.0
335.0
235.0
402.0
262.5
405.0
405.0
235.0
186.0
385.0
411.0
41.0
304.0
221.0
123.0
314.0
285.0
367.0
324.0
366.0
194.0
304.0
342.0
188.0
52.0
377.0
192.0
363.0
412.0
251.0
178.0
317.0
333.0
90.0
239.0
353.0
257.0
35.0
45.0
261.0
96.0
136.0
405.0
90.0
423.0
128.0
131.0
151.0
215.0
393.5
233.5
425.0
126.0
392.0
197.0
425.0
120.0
405.0
112.0
418.0
186.0
409.0
171.0
313.0
482.0
118.0
351.0
224.0
452.0
267.0
243.5
436.0
384.5
294.5
192.5
433.5
255.0
174.0
334.0
177.0
510.0
192.0
380.0
246.0
220.0
376.0
362.0
50.0
177.0
387.0
331.333333333
271.0
203.0
416.5
314.0
267.0
132.0
280.0
237.0
308.0
153.0
284.0
137.0
407.0
212.0
308.0
340.0
158.0
306.0
452.0
116.0
265.0
258.333333333
339.333333333
248.0
277.25
170.666666667
207.0
78.0
382.0
66.0
156.0
299.0
218.0
135.5
318.5
261.0
288.0
98.0
367.0
190.0
327.0
228.0
442.0
378.0
180.0
437.0
181.0
214.0
184.0
446.0
280.0
249.0
397.0
260.0
232.0
133.0
398.0
70.0
498.0
143.0
395.0
286.0
363.0
86.0
124.0
375.0
251.0
127.0
360.0
169.0
339.0
304.0
262.0
241.0
252.0
390.0
287.0
423.0
268.0
233.0
275.0
224.0
299.0
387.0
218.0
354.0
167.0
161.0
302.0
207.0
316.0
224.0
272.0
301.0
201.0
231.0
216.0
288.0
336.0
278.0
331.0
316.0
165.0
331.0
186.0
470.0
198.0
145.0
388.0
420.0
183.0
226.0
419.0
392.0
107.0
158.0
396.0
190.0
472.0
139.0
463.0
100.0
438.0
367.0
104.0
375.0
183.0
215.0
394.0
280.0
384.0
370.0
281.0
269.5
445.5
290.0
240.0
229.0
327.0
367.0
311.0
58.0
375.0
134.0
241.0
226.0
382.0
229.0
330.0
407.0
200.0
315.0
51.0
295.0
127.0
75.0
322.0
300.0
257.0
275.0
244.0
250.5
430.5
231.0
397.0
540.0
283.0
379.0
189.0
348.0
244.0
136.0
409.0
359.0
229.0
264.0
385.0
437.0
244.0
442.0
70.0
280.0
279.0
271.0
231.0
177.666666667
331.333333333
296.0
369.5
361.0
91.0
351.0
266.0
214.0
313.0
83.0
388.0
438.0
192.0
59.0
448.0
431.0
300.0
238.0
203.0
236.0
425.0
210.0
433.5
189.0
451.0
65.0
431.0
383.0
178.0
160.0
405.0
427.0
73.0
231.0
393.0
144.0
289.0
40.0
424.0
317.0
149.0
418.0
46.0
207.0
421.0
238.5
440.0
10.0
334.0
415.0
188.0
316.0
317.0
359.0
254.0
201.0
354.0
290.0
298.0
340.0
304.0
311.0
167.0
332.5
434.0
297.5
373.0
176.0
368.0
130.0
372.0
201.0
404.0
378.0
228.0
375.0
156.0
267.0
183.0
331.0
403.0
36.0
428.0
360.0
244.0
268.666666667
249.333333333
242.0
324.0
148.0
257.0
218.0
253.0
230.0
298.0
235.0
227.0
227.0
77.0
283.0
242.0
317.0
133.0
173.0
186.0
115.0
106.0
155.0
238.0
235.0
199.0
175.0
337.0
175.0
136.0
154.0
207.0
223.0
271.0
143.0
409.0
255.5
316.0
237.0
256.0
134.0
409.0
96.0
390.0
232.0
361.0
266.0
213.0
250.0
332.0
236.5
303.5
200.0
384.0
317.0
281.0
241.0
87.0
169.0
410.0
353.0
210.0
345.0
226.0
254.0
260.0
275.666666667
316.333333333
317.0
160.0
129.0
382.0
198.0
248.0
235.0
397.0
303.0
324.0
430.0
206.0
409.0
227.0
409.0
167.0
403.0
177.0
337.0
315.0
394.0
7.0
379.0
390.0
435.0
145.0
156.0
454.0
210.666666667
267.333333333
334.0
233.0
166.0
162.0
140.0
363.0
349.0
225.0
187.0
181.0
420.0
206.0
216.0
209.0
109.0
420.0
330.0
210.0
280.5
354.5
245.0
264.0
236.0
417.0
243.0
431.0
329.0
277.0
284.0
379.0
384.0
317.0
320.333333333
314.0
30.0
271.0
63.0
315.0
196.0
322.0
229.0
367.0
300.0
144.0
226.0
112.0
339.0
20.0
209.0
293.0
244.0
214.0
101.0
150.0
148.0
431.0
326.666666667
308.333333333
237.0
148.0
137.0
293.0
360.0
290.0
286.0
316.0
334.0
246.0
406.0
89.0
330.0
154.0
82.0
273.0
317.0
264.0
318.0
142.0
273.0
310.0
358.0
223.0
177.0
451.0
236.0
289.0
204.0
386.0
233.0
99.0
123.0
318.0
212.0
211.0
389.0
81.0
267.0
244.0
184.0
332.0
278.666666667
309.0
304.0
22.0
347.0
214.0
70.0
327.0
159.0
393.0
176.0
192.0
386.0
134.0
109.0
409.0
273.0
25.0
339.0
124.0
276.0
0.0
65.0
445.0
150.0
342.0
240.0
119.0
265.666666667
324.333333333
164.0
202.0
237.0
139.0
310.0
316.0
334.0
239.0
148.0
319.0
317.0
346.0
128.0
473.0
341.0
218.0
288.0
349.0
379.0
146.0
127.0
279.0
236.0
223.0
180.0
222.0
399.0
107.0
245.0
272.0
278.0
224.0
333.0
103.0
224.0
347.0
311.0
135.0
275.5
143.0
377.0
63.0
172.0
325.0
376.0
103.0
269.0
219.0
236.0
272.0
414.0
197.0
334.0
275.0
339.0
331.0
285.0
378.0
190.0
314.0
408.0
147.0
374.0
190.0
413.0
289.0
182.0
383.0
143.0
466.0
432.0
204.0
263.0
429.0
335.0
115.0
418.0
229.0
272.0
388.0
377.0
166.5
394.0
174.0
166.0
291.0
313.0
172.0
205.0
315.0
355.0
151.0
310.0
146.0
232.0
360.0
230.0
330.0
324.0
10.0
335.0
306.0
270.0
348.333333333
173.0
234.0
210.0
369.0
366.0
233.0
264.0
482.0
377.0
189.0
250.0
293.0
95.0
297.0
342.0
266.0
263.0
257.0
232.0
252.0
231.0
527.0
332.0
257.0
136.0
246.0
296.0
398.0
405.0
263.0
272.0
317.0
181.0
340.0
244.0
267.0
279.0
383.0
318.0
385.0
214.0
343.0
161.0
405.0
312.0
393.0
335.0
294.0
245.0
321.0
376.0
175.0
255.0
323.0
275.0
234.0
266.0
393.0
339.0
250.0
185.0
315.0
394.0
179.0
264.0
387.0
257.0
343.0
259.0
440.0
290.0
213.0
282.0
398.0
217.0
463.0
379.0
323.0
212.0
359.0
395.0
284.0
493.0
223.0
262.0
177.0
301.0
300.0
157.0
423.0
179.0
439.0
264.0
440.0
413.0
235.0
93.0
347.0
259.0
173.0
165.0
157.0
237.0
391.0
181.0
90.0
130.0
322.0
218.0
242.0
50.0
408.0
133.0
319.0
216.0
181.0
237.0
213.0
398.0
234.0
348.0
205.0
152.0
370.0
69.0
420.0
321.0
212.0
208.0
425.0
298.0
217.0
76.0
260.0
288.0
277.0
229.0
282.0
374.0
256.0
187.0
189.0
217.0
247.0
156.0
280.0
302.0
151.0
215.0
74.0
109.0
325.0
122.0
275.0
147.0
381.0
319.0
249.0
182.0
363.0
266.0
279.0
93.0
227.0
334.0
173.0
127.0
166.0
473.0
185.0
241.0
382.0
215.0
340.0
271.0
369.0
381.0
169.0
96.0
389.0
123.0
260.0
100.0
243.0
416.0
152.0
433.0
188.0
159.0
441.0
158.0
161.0
241.0
41.0
447.0
30.0
198.0
381.0
431.0
122.0
317.0
247.0
334.0
267.0
403.0
296.0
40.0
354.0
329.0
129.0
133.0
356.0
157.0
357.0
60.0
291.0
15.0
386.0
303.0
223.0
357.0
156.0
276.0
216.0
246.0
359.0
261.0
158.0
65.0
183.0
262.0
97.0
241.0
431.0
136.0
107.0
269.0
91.0
194.0
293.0
384.0
288.0
139.0
244.0
379.0
283.0
381.0
261.0
219.0
309.0
438.0
94.0
169.0
402.0
117.0
321.0
323.0
172.0
205.0
323.0
193.0
393.0
382.0
382.0
20.0
341.0
76.0
250.0
337.0
243.0
224.0
366.0
308.0
250.0
298.0
480.0
417.0
156.0
344.0
183.0
179.0
274.0
176.0
194.0
155.0
275.0
445.0
278.0
182.0
318.0
265.0
256.0
156.0
386.0
249.0
284.0
165.0
413.0
386.0
186.0
259.0
175.0
498.0
247.0
381.0
288.5
366.0
217.0
363.0
190.0
392.0
226.0
454.0
142.0
220.0
112.0
333.0
363.0
242.0
508.0
167.0
471.0
44.0
590.0
258.0
237.0
437.0
31.0
389.0
239.0
221.0
178.0
370.0
109.0
202.5
451.0
362.0
206.0
422.0
245.0
246.0
338.0
412.0
109.0
437.0
113.0
411.0
214.0
360.0
301.5
205.5
378.5
370.0
128.0
246.0
358.0
359.0
264.0
256.0
450.0
366.0
227.0
413.0
239.0
350.0
189.0
190.0
357.0
392.0
224.0
436.0
40.0
358.0
156.0
199.0
377.0
218.0
355.0
358.666666667
300.0
203.0
334.0
253.0
357.0
297.0
209.0
355.0
300.0
419.0
37.0
125.0
398.0
338.0
319.0
88.0
361.0
212.0
395.0
373.0
282.0
334.0
368.0
353.0
173.0
65.0
224.0
145.0
356.0
333.0
127.0
415.0
77.0
197.0
368.0
237.0
351.0
136.0
352.0
392.5
137.5
294.0
331.0
424.0
245.0
282.0
433.0
287.0
270.0
410.0
261.0
305.0
361.0
251.0
163.0
245.0
436.0
283.5
380.0
279.0
401.0
182.0
372.0
294.0
30.0
183.0
297.0
372.0
41.0
352.0
202.0
350.0
227.0
107.0
394.0
222.5
381.5
353.0
201.0
266.0
369.0
427.0
154.0
439.0
125.0
393.0
194.0
100.0
250.0
296.0
314.0
332.0
127.0
157.0
498.0
208.0
333.0
132.0
273.0
357.0
276.0
221.0
234.0
131.0
458.0
314.0
167.0
360.0
199.0
363.0
163.0
110.0
373.0
207.0
235.0
155.0
229.0
373.0
163.0
95.0
241.0
279.0
267.0
157.0
327.0
55.0
357.0
352.0
367.0
152.0
434.0
450.0
39.0
284.0
303.0
56.0
445.0
317.0
358.0
431.0
215.0
190.0
306.0
208.0
274.0
277.0
337.0
224.0
469.0
459.0
239.0
285.0
324.0
460.0
126.0
447.0
95.0
402.0
275.0
221.0
159.0
272.0
243.0
235.0
444.0
79.0
357.0
329.0
188.0
334.0
243.0
399.0
231.0
321.0
156.0
209.0
276.0
175.0
123.0
282.0
277.0
264.0
323.0
337.0
298.0
258.0
272.0
278.0
245.0
354.0
192.0
397.0
90.0
165.0
398.0
338.0
201.0
261.0
0.0
217.0
384.0
150.0
408.0
425.0
150.0
356.0
292.0
374.0
220.0
51.0
454.0
155.0
254.0
432.0
289.0
204.0
367.0
306.0
278.333333333
63.0
412.0
95.0
440.0
305.0
198.0
405.0
41.0
141.0
446.0
68.0
415.0
195.0
305.0
127.0
416.0
211.0
372.0
98.0
246.0
145.0
84.0
207.0
261.0
347.0
232.0
165.0
311.0
251.0
341.0
272.0
368.0
205.0
306.0
266.0
325.0
283.0
243.0
382.0
223.0
385.0
282.0
391.0
230.0
83.0
195.0
155.0
192.0
127.0
377.0
328.5
417.5
394.0
134.0
337.0
342.0
426.0
282.0
202.0
480.0
138.0
468.0
373.0
213.0
309.0
277.0
307.5
384.0
383.666666667
241.333333333
271.0
272.0
343.0
264.0
283.0
289.0
227.0
165.0
206.0
378.5
288.666666667
359.666666667
346.0
181.0
235.0
323.0
288.0
178.0
398.0
234.0
365.0
266.0
331.0
399.0
383.0
51.0
205.0
199.0
404.0
282.0
356.0
96.0
398.0
69.0
264.0
313.0
327.0
77.0
217.0
308.0
156.5
509.0
84.0
364.0
193.0
355.0
291.0
306.0
185.0
161.0
436.0
337.0
353.666666667
262.0
242.0
168.0
111.0
346.0
94.0
365.0
165.0
329.0
367.0
305.0
431.0
107.0
292.0
267.0
186.0
396.5
194.0
393.0
244.0
375.0
219.0
379.0
299.0
190.0
161.0
302.0
361.0
281.0
158.0
381.0
89.0
329.5
310.5
425.0
217.0
418.0
331.0
307.0
287.0
328.0
355.0
119.0
209.0
237.0
279.0
308.0
242.0
420.0
366.0
83.0
82.0
310.0
300.0
208.0
94.0
275.0
28.0
266.0
352.0
255.0
297.0
261.0
382.0
101.0
228.0
386.0
253.0
336.0
318.0
323.0
262.0
407.0
394.0
118.0
311.0
329.0
496.0
279.0
175.0
298.0
433.0
203.0
90.0
255.0
193.0
242.0
449.0
137.0
202.0
269.0
197.0
330.0
225.0
320.0
225.0
308.0
213.0
313.0
360.0
194.0
273.0
239.0
261.0
216.0
302.5
193.5
191.0
227.0
97.0
391.0
186.0
319.0
379.0
257.0
324.0
384.0
160.0
318.0
254.0
201.0
335.0
239.0
415.0
194.0
325.0
276.0
288.666666667
278.333333333
338.5
198.5
127.0
299.0
423.0
81.0
255.0
174.0
314.0
260.0
208.0
239.0
196.0
393.0
217.0
385.0
259.0
360.0
42.0
435.0
357.0
160.0
132.0
302.0
241.0
306.0
340.0
338.333333333
324.0
191.0
144.0
517.0
236.0
335.0
397.0
35.0
303.0
331.0
136.0
429.0
194.0
349.0
361.0
252.0
319.5
368.5
404.0
146.0
198.0
225.0
172.0
371.0
119.0
441.0
380.0
252.0
439.0
211.0
389.0
68.0
406.0
65.0
409.0
261.0
241.5
446.0
226.0
352.0
84.0
415.0
323.0
162.0
349.0
226.0
363.0
189.0
355.0
172.0
253.0
231.0
368.0
197.0
20.0
145.0
203.0
146.0
96.0
363.0
369.0
200.0
204.0
271.0
278.0
257.0
407.0
152.0
115.0
356.0
327.0
207.0
233.0
333.0
253.0
129.0
155.0
431.0
54.0
321.0
125.0
259.0
350.0
187.0
243.0
467.0
360.0
260.0
257.0
249.0
357.0
194.0
250.0
311.0
204.5
410.5
335.0
277.0
369.0
249.0
25.0
309.0
325.0
158.0
162.0
504.0
199.0
359.0
372.5
194.0
252.5
361.0
366.0
61.0
364.0
328.0
65.0
481.0
106.0
441.0
50.0
436.0
224.5
412.5
205.0
347.0
178.0
328.0
241.0
302.0
445.0
240.0
68.0
437.0
180.0
396.0
328.0
120.0
135.0
360.0
168.0
392.0
486.0
227.0
286.0
278.0
303.0
285.0
101.0
233.0
137.0
277.0
194.0
234.0
285.0
76.0
332.0
58.0
298.0
195.0
307.0
112.0
386.0
110.0
247.0
329.0
389.0
257.0
243.0
349.0
241.0
381.0
261.0
287.0
475.0
161.0
178.0
398.0
431.0
291.0
339.0
270.0
102.0
423.0
366.0
144.0
201.0
340.0
443.0
243.0
140.0
353.0
294.0
325.0
151.0
45.0
207.0
287.0
197.0
5.0
370.0
263.0
320.0
7.0
290.0
347.0
260.333333333
286.0
331.0
108.0
89.0
398.0
91.0
314.0
234.0
290.0
159.0
272.0
343.0
205.0
269.0
367.0
387.0
106.0
252.0
250.0
209.0
326.0
79.0
345.0
255.0
364.0
48.0
301.0
355.0
116.0
334.0
315.0
265.0
417.0
250.0
356.0
309.0
237.0
358.0
142.0
253.0
226.0
137.0
370.0
61.0
238.0
161.0
108.0
103.0
301.0
348.0
32.0
371.0
249.0
375.0
170.0
165.0
231.0
241.0
357.0
329.0
256.0
299.0
299.0
381.0
216.0
145.0
487.0
415.0
142.0
261.0
409.0
109.0
390.0
194.0
161.0
169.0
362.0
300.0
277.0
255.5
331.5
220.0
299.5
291.0
389.0
291.0
89.0
258.0
257.0
329.0
232.0
158.0
189.0
364.0
199.0
379.0
265.0
344.0
172.0
412.0
205.0
429.0
108.0
70.0
430.0
273.0
358.0
175.0
434.0
301.0
358.666666667
241.0
361.5
205.0
236.0
231.0
293.0
179.0
407.0
65.0
324.0
232.0
237.0
189.0
177.0
272.0
307.0
425.5
280.5
397.0
65.0
216.0
370.0
364.0
21.0
333.0
93.0
371.0
226.0
344.0
94.0
116.0
180.0
444.0
169.0
217.0
423.0
259.666666667
320.0
299.5
388.5
326.0
99.0
217.0
302.0
333.0
296.0
191.0
340.0
136.0
432.0
102.0
322.0
241.0
257.0
461.0
65.0
325.5
427.0
313.0
306.0
379.0
202.0
66.0
91.0
142.0
171.0
123.0
310.0
239.0
391.0
113.0
243.0
373.0
362.0
222.0
325.0
303.0
264.0
139.0
225.0
20.0
320.0
320.0
205.0
383.0
41.0
132.0
252.0
465.0
252.0
255.0
365.0
369.5
295.0
224.0
155.0
46.0
351.0
438.0
72.0
366.0
199.0
202.0
367.0
141.0
423.0
120.0
454.0
295.0
178.0
194.0
464.0
286.0
240.0
307.0
316.0
347.0
334.0
269.0
368.5
238.0
320.666666667
178.0
313.0
233.0
279.0
239.0
431.0
337.0
95.0
378.0
81.0
245.0
176.0
304.666666667
284.666666667
346.0
55.0
245.0
249.0
368.0
163.0
159.0
419.0
118.0
133.0
179.0
515.0
255.0
389.0
256.0
239.0
265.0
259.0
297.5
333.5
325.0
156.0
306.0
359.0
150.0
378.0
371.0
266.0
307.0
441.0
167.0
203.0
345.0
154.0
135.0
355.0
348.0
292.0
327.0
229.0
418.0
309.0
141.0
195.0
243.0
246.0
330.0
163.0
393.0
212.0
207.0
394.0
331.0
93.0
242.5
321.0
206.0
406.0
257.0
392.0
352.0
232.0
377.0
253.0
247.0
279.0
269.0
117.0
377.0
76.0
338.0
168.0
224.0
270.0
146.0
229.0
345.0
79.0
290.0
191.0
186.0
325.0
321.0
170.0
20.0
398.0
26.0
140.0
291.0
171.0
168.0
279.0
194.0
342.0
198.5
422.5
95.0
263.0
429.0
304.0
472.0
246.0
127.0
466.0
259.0
383.0
431.0
304.0
389.666666667
251.333333333
250.5
459.5
348.0
361.0
283.0
319.0
451.0
145.0
318.0
374.0
207.0
507.5
134.0
510.0
210.0
360.0
466.0
162.0
221.0
438.5
225.0
451.5
275.5
470.0
411.0
217.0
208.0
346.0
428.0
188.0
362.0
112.0
249.0
335.0
410.0
30.0
321.0
293.0
425.0
209.0
372.0
149.0
329.0
191.0
343.0
246.0
307.333333333
281.666666667
465.0
467.0
210.0
392.0
352.666666667
399.333333333
182.0
282.0
64.0
349.0
220.0
243.0
310.0
242.0
186.0
572.0
120.5
471.5
219.0
418.0
381.0
121.0
341.0
116.0
294.0
512.0
386.0
256.0
310.0
249.0
184.0
398.0
15.0
50.0
232.0
171.0
333.0
90.0
309.0
87.0
137.5
393.0
264.0
214.0
428.0
252.0
420.0
90.0
266.0
232.0
293.0
408.0
220.0
116.0
359.0
250.0
271.333333333
315.666666667
138.0
286.0
132.0
274.0
143.0
366.0
155.0
299.0
379.0
215.0
194.0
293.0
105.0
341.0
293.0
290.0
417.0
105.0
300.5
351.5
319.0
350.0
160.0
431.0
207.0
270.0
219.0
367.0
205.0
396.0
239.0
158.0
307.0
303.0
20.0
368.0
204.0
350.0
407.0
306.0
285.0
393.0
368.0
140.0
351.0
18.0
386.0
148.0
215.0
378.0
407.5
218.0
407.0
130.0
239.0
311.0
373.0
209.0
74.0
368.0
179.0
328.0
82.0
293.0
426.0
153.0
106.0
409.0
134.0
275.0
40.0
308.0
143.0
373.0
179.0
330.0
263.0
214.0
307.0
401.0
147.0
376.0
257.0
461.5
247.0
396.0
263.0
71.0
65.0
365.0
346.0
82.0
360.0
235.0
291.0
366.0
467.0
49.0
301.0
203.0
214.0
330.0
146.0
393.0
235.0
316.0
285.0
204.0
190.0
238.0
449.0
101.0
383.0
122.0
265.0
353.0
339.0
159.0
412.0
289.0
228.0
235.0
274.0
234.0
227.0
413.0
96.0
470.0
25.0
435.0
260.0
256.0
190.0
90.0
226.0
250.0
213.0
451.0
160.0
414.0
285.0
291.0
257.0
104.0
183.0
335.0
196.0
151.0
458.0
204.0
382.0
269.0
391.0
369.5
296.666666667
386.333333333
248.0
300.0
240.0
460.0
321.0
234.0
364.0
380.0
261.0
437.0
216.0
555.0
55.0
368.0
39.0
251.0
112.0
233.0
172.0
125.0
242.0
310.0
526.0
191.0
145.0
341.0
96.0
298.0
295.0
69.0
294.0
235.0
366.0
98.0
216.0
130.0
275.0
115.0
239.0
345.0
182.0
309.0
309.5
375.0
478.0
31.0
337.0
400.0
475.0
209.0
425.0
208.0
187.0
282.0
251.0
119.0
127.0
149.0
216.0
132.0
227.0
185.0
293.0
146.0
424.0
135.0
344.0
151.0
293.0
379.5
223.0
384.0
40.0
413.0
195.0
448.0
279.0
282.0
288.0
285.0
402.0
133.0
184.0
328.0
312.0
306.0
321.333333333
366.0
205.0
335.0
360.0
157.0
172.0
344.0
321.0
234.0
396.0
154.0
383.0
80.0
111.0
291.0
398.0
232.0
324.0
85.0
331.0
245.0
253.0
136.0
250.0
140.0
341.0
135.0
193.0
404.0
134.0
388.0
311.333333333
361.0
356.0
212.0
379.0
138.0
356.0
191.0
365.0
259.0
363.0
238.0
154.0
445.0
266.0
304.0
102.0
478.0
235.0
381.0
391.0
270.0
257.0
332.0
90.0
229.0
407.0
96.0
334.0
210.0
248.0
247.0
135.0
347.0
211.0
190.0
219.0
382.0
365.0
306.0
301.0
206.0
222.0
311.0
106.0
294.0
114.0
96.0
81.0
398.0
268.0
338.0
199.0
348.666666667
387.0
20.0
111.0
332.0
412.0
178.0
214.0
243.0
75.0
420.0
301.0
278.0
343.0
200.0
107.0
259.0
307.0
50.0
343.0
264.0
216.0
478.0
446.0
30.0
303.0
316.0
90.0
433.0
248.0
428.0
373.5
244.5
341.0
180.0
262.0
173.0
379.0
128.0
351.0
203.0
165.0
267.0
142.0
301.0
239.0
315.0
299.0
355.5
59.0
454.0
385.0
209.0
278.0
434.0
439.0
243.0
375.0
149.0
275.0
296.0
217.0
339.0
82.0
381.0
285.0
160.0
114.0
265.0
223.0
265.0
251.0
326.0
344.0
199.0
55.0
368.0
84.0
359.0
171.0
279.0
216.0
327.0
327.0
115.0
274.0
174.0
407.0
15.0
223.0
291.0
33.0
386.0
209.0
285.0
260.0
236.0
221.0
332.0
96.0
351.0
224.0
363.0
356.0
331.0
315.0
263.0
280.0
338.0
356.0
289.0
262.0
410.0
219.0
336.0
368.0
269.0
128.0
269.0
182.0
252.0
238.0
359.0
360.0
116.0
294.0
355.0
283.0
254.0
107.0
392.0
195.0
206.0
382.0
226.0
120.0
353.0
251.0
232.0
203.0
367.0
396.0
192.0
193.0
332.0
100.0
266.0
249.0
418.0
420.0
229.0
397.0
225.0
419.0
75.0
260.0
285.5
293.0
415.0
145.0
266.0
177.0
322.0
132.0
437.0
211.0
206.0
235.0
193.0
152.0
367.0
196.0
436.0
327.0
60.0
238.0
150.0
429.0
196.0
219.5
382.5
258.0
240.0
144.0
377.0
369.0
75.0
265.0
379.0
93.0
358.0
205.0
235.0
352.0
46.0
193.0
243.0
230.0
42.0
228.0
416.0
104.0
66.0
412.5
258.5
366.0
249.0
255.0
312.0
189.5
380.0
230.0
41.0
90.0
311.0
265.0
225.0
144.0
373.0
249.666666667
325.0
288.0
374.0
434.0
159.0
332.0
224.0
305.0
279.0
358.0
152.0
343.0
354.0
228.0
300.0
244.0
350.0
75.0
344.0
266.0
192.0
193.0
227.0
390.0
119.0
60.0
408.0
289.0
416.0
361.0
294.0
351.0
213.0
277.0
239.0
257.0
237.0
215.0
324.0
239.0
279.0
203.0
189.0
206.0
248.0
272.0
159.0
204.0
266.0
398.0
146.0
397.0
216.0
5.0
134.0
30.0
212.0
319.0
159.0
20.0
292.0
229.5
486.5
399.0
234.0
390.0
290.0
136.0
394.0
252.0
246.0
75.0
191.0
107.0
364.0
337.0
59.0
248.0
383.0
250.0
321.0
374.0
318.0
311.0
203.0
317.0
254.0
388.0
172.0
277.0
255.0
356.0
230.0
339.0
290.0
417.0
61.0
166.0
220.0
169.0
221.0
292.5
378.5
251.0
282.0
216.0
147.0
278.0
274.0
376.0
80.0
417.0
35.0
120.0
362.0
346.0
276.0
365.0
237.0
464.0
191.0
325.0
140.0
73.0
354.0
358.0
210.0
106.0
359.0
262.0
319.0
122.0
389.0
371.0
251.0
296.0
300.0
370.0
244.0
394.0
219.0
108.0
344.0
422.0
210.0
72.0
325.0
187.0
278.0
109.0
400.0
259.0
466.0
452.0
152.0
208.0
438.5
350.0
184.0
321.0
130.0
342.0
212.0
423.0
120.0
421.0
233.0
228.0
440.5
371.0
108.0
134.0
408.0
325.0
208.0
428.0
331.5
371.0
53.0
350.0
34.0
299.666666667
357.0
282.0
354.0
217.0
296.0
148.0
309.0
310.0
293.0
353.0
86.0
381.0
264.0
290.0
178.0
120.0
377.0
406.0
218.0
339.0
219.0
135.0
169.0
278.0
419.0
361.0
296.0
358.0
140.0
274.0
307.0
179.0
454.0
310.5
395.5
381.0
176.0
105.0
393.0
499.0
168.0
288.0
383.0
431.0
70.0
261.0
400.0
362.0
337.0
273.0
187.0
303.0
327.0
447.0
223.0
245.0
378.0
341.0
291.0
36.0
420.0
175.0
449.0
169.0
465.0
256.0
330.5
144.5
518.5
340.0
130.0
211.0
302.0
293.0
48.0
334.0
247.0
357.0
56.0
133.0
395.0
217.0
307.0
263.0
301.0
467.0
102.0
242.0
400.0
328.0
205.0
188.0
71.0
114.0
190.0
127.0
275.0
252.0
350.0
272.0
218.0
50.0
283.0
199.0
226.0
145.0
176.0
237.0
255.0
402.0
111.0
243.0
199.0
368.0
250.0
188.0
416.0
407.0
147.0
176.0
339.0
260.0
278.0
84.0
342.0
306.0
326.0
186.5
368.5
163.0
348.0
350.0
50.0
305.0
273.0
294.0
383.0
359.0
223.0
258.0
341.0
360.0
225.0
283.0
198.0
282.0
253.0
410.0
179.0
210.0
397.0
349.0
282.0
400.0
187.0
205.5
386.0
73.0
276.0
295.0
240.0
341.0
195.0
342.0
256.0
375.0
81.0
312.0
329.5
247.0
312.0
296.0
359.0
166.0
452.0
148.0
378.0
392.0
66.0
275.0
262.0
118.0
288.0
519.0
188.0
377.5
212.5
335.0
189.0
199.0
139.0
258.0
198.0
415.0
263.0
205.0
465.0
369.0
173.0
65.0
441.0
427.0
364.0
162.0
477.0
51.0
407.0
211.0
271.0
235.0
274.0
129.0
328.0
398.0
220.0
202.0
204.0
208.0
431.0
229.0
145.0
395.0
229.0
284.666666667
255.666666667
122.0
314.0
419.0
193.0
257.0
392.0
333.666666667
327.333333333
195.0
216.0
270.0
397.0
450.0
212.0
294.0
238.0
294.0
417.5
161.0
211.0
136.0
330.0
336.0
265.0
371.0
20.0
375.0
263.0
208.0
300.0
229.0
384.0
227.0
178.0
146.0
192.0
253.0
124.0
309.0
160.0
316.0
60.0
80.0
215.0
129.0
232.0
121.0
233.0
346.0
173.0
337.0
267.0
424.0
268.0
447.0
178.0
331.0
343.0
330.0
77.0
250.0
279.0
50.0
414.0
367.0
310.0
483.0
120.0
155.0
448.0
172.0
257.0
386.0
65.0
377.0
250.0
178.0
331.0
300.0
284.0
297.0
168.0
230.0
389.0
164.0
322.0
308.0
71.0
243.0
307.0
245.0
122.0
373.0
128.0
229.0
307.0
170.0
429.0
267.0
427.0
358.0
247.0
512.0
390.0
270.0
369.0
331.0
248.0
217.0
237.0
362.0
295.0
132.0
433.0
336.0
173.0
162.0
212.0
402.0
129.0
314.0
202.0
144.0
406.0
151.0
465.0
352.0
182.0
334.0
569.0
208.0
370.0
389.0
102.0
88.0
286.0
502.0
203.0
274.0
234.0
372.0
286.0
402.0
211.0
178.0
413.0
214.0
368.0
176.0
455.0
440.0
165.0
170.0
405.0
330.0
259.0
278.0
191.0
381.0
100.0
191.0
388.0
392.0
182.0
378.0
244.0
411.0
246.0
164.0
295.0
332.0
220.0
230.0
340.0
356.0
250.0
191.0
349.0
403.0
225.0
343.0
347.0
304.0
252.0
202.0
358.0
282.0
219.0
479.0
279.0
298.0
231.0
311.0
280.0
313.0
227.0
218.0
340.0
150.0
410.0
262.0
206.0
202.0
273.0
429.0
192.0
275.0
278.0
373.0
251.0
26.0
122.0
117.0
381.0
383.0
347.0
334.0
203.0
173.0
432.0
305.0
288.0
227.0
126.0
218.0
250.0
177.0
323.0
408.0
146.0
202.0
292.0
184.0
399.0
295.0
293.0
432.0
124.0
297.0
243.0
450.0
159.0
247.0
389.0
363.0
168.0
163.0
327.0
362.0
289.0
283.0
314.0
185.0
388.0
342.0
188.0
268.0
194.0
285.0
324.0
306.0
286.0
222.0
333.0
364.0
263.0
236.0
291.0
226.0
105.0
394.0
247.0
294.0
304.0
69.0
400.0
229.0
380.0
286.0
239.0
235.0
351.0
394.0
206.0
126.0
448.0
288.0
318.0
257.0
422.0
500.0
261.0
319.0
240.0
422.0
264.0
435.0
301.0
235.0
340.0
404.0
87.0
258.0
415.0
416.0
194.0
175.0
434.0
20.0
284.0
293.0
261.0
374.0
146.0
241.0
332.0
265.0
324.0
55.0
243.0
258.0
302.0
229.0
355.0
278.0
392.0
147.0
246.0
355.0
277.0
292.0
88.0
204.0
292.0
255.0
132.0
362.0
282.0
322.0
291.0
329.0
125.0
371.0
153.0
265.0
315.0
288.0
369.0
399.0
97.0
296.0
248.0
189.0
371.0
217.0
427.0
324.0
241.0
410.0
198.0
337.0
260.0
30.0
161.0
369.0
110.0
279.0
329.0
248.5
405.5
291.0
160.0
401.0
209.0
306.0
188.0
357.0
180.0
119.0
259.0
309.5
409.0
340.0
408.0
395.0
210.0
242.0
439.0
193.0
504.0
374.0
274.0
221.0
231.0
302.0
204.0
401.0
278.0
376.333333333
432.0
454.0
218.0
387.0
105.0
189.0
352.0
114.0
354.0
229.0
343.0
401.0
226.0
246.0
330.0
389.0
219.0
249.0
248.0
83.0
339.0
388.0
223.0
304.0
221.0
106.0
301.0
238.0
200.0
272.0
365.0
388.0
63.0
339.0
366.0
295.0
213.0
258.0
366.0
298.0
396.0
360.0
110.0
426.0
292.0
402.0
87.0
75.0
471.0
466.0
151.0
486.0
202.0
258.0
674.0
395.0
234.0
387.0
279.0
352.0
119.0
331.0
319.333333333
453.0
274.0
324.0
234.0
17.0
244.0
307.0
430.0
268.0
402.0
226.0
295.0
265.0
305.0
171.0
234.0
356.0
187.0
137.5
309.5
111.0
253.0
219.0
128.0
363.0
193.0
138.0
374.0
337.0
289.0
170.0
338.0
276.0
155.0
69.0
374.0
233.0
206.0
259.0
326.5
289.0
323.0
40.0
433.0
311.0
266.0
371.0
160.0
212.0
318.0
313.0
257.0
394.0
306.0
325.0
215.0
144.0
378.0
147.0
418.5
383.0
246.0
271.0
210.0
98.0
385.0
353.0
172.0
255.0
319.0
173.0
370.0
294.0
393.5
374.0
118.0
119.0
392.0
243.0
237.0
331.0
198.0
113.0
260.0
432.0
231.0
208.0
364.0
25.0
254.0
451.0
234.0
322.0
286.0
240.0
241.0
272.0
365.0
242.0
391.0
225.0
295.0
302.0
277.0
371.0
225.0
345.0
251.0
394.0
317.0
446.0
155.0
354.0
103.0
205.0
353.0
205.0
250.0
245.0
119.0
180.0
268.0
197.0
378.0
101.0
370.0
296.0
379.0
239.0
382.0
468.0
117.0
342.0
205.0
397.0
80.0
282.0
235.0
172.0
240.0
220.0
294.0
41.0
386.0
219.0
356.0
262.5
432.5
335.333333333
283.666666667
429.0
143.0
268.0
262.0
128.0
246.0
166.0
437.0
327.0
248.0
363.0
176.0
324.0
55.0
412.0
65.0
184.0
248.0
289.0
142.0
127.0
371.0
39.0
211.0
341.0
151.0
35.0
405.0
224.0
354.0
197.0
298.0
104.0
461.0
416.0
212.0
268.5
414.5
175.0
351.0
223.0
388.0
177.0
467.0
148.0
389.0
345.0
283.0
265.0
116.0
151.0
790.0
415.0
169.0
186.0
343.0
206.0
264.0
296.0
400.0
254.0
338.0
362.0
287.0
339.0
341.0
345.0
208.0
340.0
181.0
225.0
371.0
258.0
443.0
187.0
235.0
132.0
442.0
461.0
216.0
357.0
293.0
181.0
269.0
340.0
182.0
190.0
231.0
342.0
93.0
279.0
73.0
62.0
355.0
10.0
179.0
75.0
408.0
352.0
289.0
157.0
378.0
319.0
153.0
308.0
237.0
354.0
153.0
88.0
326.0
454.0
183.0
254.5
434.0
377.0
207.0
148.0
431.0
286.0
206.0
248.0
427.5
258.0
273.0
374.0
44.0
408.0
35.0
243.0
390.0
383.0
69.0
193.0
411.0
312.0
25.0
363.0
81.0
291.0
440.0
132.0
410.0
187.0
224.0
186.0
50.0
188.0
311.0
199.0
250.0
254.0
106.0
137.0
325.0
351.0
40.0
288.0
387.0
279.0
141.0
173.0
144.0
178.0
204.0
151.0
214.0
442.0
35.0
267.0
435.0
325.666666667
332.666666667
335.0
297.0
348.0
167.0
174.0
337.0
283.0
206.0
312.0
16.0
202.0
180.0
300.0
159.0
391.0
186.0
66.0
377.0
243.0
251.0
278.0
153.0
241.0
396.0
370.0
270.0
426.0
108.0
100.0
406.0
428.0
53.0
279.0
431.0
310.0
401.0
364.0
166.0
230.0
443.0
269.0
251.0
291.0
299.0
168.0
246.0
293.0
241.0
350.0
77.0
291.0
406.0
208.0
432.0
440.0
81.0
340.0
228.0
139.0
399.0
174.0
144.0
180.0
405.5
202.0
396.0
252.0
274.0
387.0
243.0
404.0
96.0
117.0
506.0
222.5
388.5
240.0
173.0
240.0
380.0
276.0
268.0
264.0
290.0
222.5
380.5
419.0
182.0
367.0
220.0
369.0
216.0
280.0
380.0
181.0
272.0
415.0
279.0
256.0
347.0
314.0
407.0
251.0
396.0
409.0
118.0
384.0
307.0
232.5
410.0
339.0
89.0
353.0
252.0
346.0
247.0
225.0
367.0
430.0
247.5
303.0
217.0
228.0
27.0
224.0
167.0
293.333333333
333.666666667
361.0
305.0
380.0
291.0
231.0
438.0
482.0
76.0
354.0
209.0
212.5
444.5
53.0
235.0
398.0
139.0
174.0
422.0
94.0
292.0
234.0
159.0
203.0
388.0
214.0
396.0
366.0
225.0
161.0
367.0
33.0
168.0
225.0
372.0
177.0
302.0
327.0
235.0
309.0
263.0
77.0
375.0
402.0
305.0
286.0
266.0
292.0
299.0
272.5
347.5
145.0
189.0
211.0
361.0
26.0
407.0
421.0
224.0
190.0
203.0
379.0
102.0
413.0
16.0
101.0
431.0
356.0
217.0
299.0
226.0
218.0
373.0
190.0
320.0
190.0
325.0
448.0
204.0
251.0
262.0
147.0
390.0
171.5
395.0
377.0
224.0
229.0
69.0
346.0
15.0
327.0
141.0
322.0
203.0
101.0
312.0
244.0
83.0
235.0
208.0
163.0
344.0
162.0
369.0
202.0
370.0
81.0
435.0
102.0
339.0
246.0
447.0
262.0
367.0
241.0
236.0
307.0
265.0
266.0
155.0
238.5
483.0
280.0
284.0
340.0
301.0
232.0
409.5
142.0
241.0
397.0
277.0
278.0
327.0
443.0
190.0
128.0
400.0
106.0
382.0
271.0
106.0
387.0
296.0
369.0
201.0
299.0
147.0
334.0
76.0
217.0
137.0
395.0
201.0
35.0
479.0
412.0
230.0
425.0
155.0
154.0
305.0
274.0
211.0
41.0
353.0
290.0
246.0
188.0
359.0
389.0
179.0
249.0
342.0
283.0
260.0
265.0
363.0
411.0
89.0
351.0
283.0
330.0
269.0
439.0
233.0
212.0
417.0
341.0
173.0
80.0
394.0
370.0
163.0
359.0
130.0
247.0
420.0
307.0
200.0
109.0
336.0
323.0
195.0
212.0
354.0
397.0
275.0
81.0
439.0
341.0
153.0
113.0
287.0
375.0
150.0
436.0
246.0
275.0
366.0
437.0
120.0
406.0
211.0
279.0
337.0
233.0
285.0
127.0
231.0
280.666666667
384.333333333
237.0
300.0
177.5
252.0
324.0
207.0
238.0
221.0
201.0
339.0
315.0
187.0
334.0
165.0
230.0
406.0
145.0
364.0
331.0
134.0
251.0
131.0
344.0
296.0
210.0
409.0
323.0
308.0
467.0
303.0
327.0
105.0
250.0
180.0
142.0
230.0
141.0
363.0
197.0
315.0
402.0
105.0
215.5
416.0
294.0
314.0
183.0
480.0
200.0
432.0
339.0
215.0
343.0
168.0
84.0
399.0
283.0
452.5
57.0
418.0
311.0
102.0
125.0
321.0
45.0
452.0
283.0
441.0
402.0
266.0
256.0
409.0
306.5
420.0
404.0
186.0
323.0
309.0
333.0
227.0
449.0
85.0
214.0
325.0
308.0
218.0
135.0
346.0
280.0
298.0
369.0
114.0
225.0
294.0
400.0
219.0
401.0
112.0
224.0
262.0
305.0
355.0
281.0
110.0
133.0
370.0
112.0
434.0
415.0
186.0
377.0
158.0
390.0
306.0
282.0
229.0
172.0
328.0
188.0
365.0
539.0
197.0
321.0
195.0
96.0
440.0
250.0
393.0
387.0
160.0
327.0
118.0
146.0
301.0
307.0
273.0
164.0
360.0
131.0
236.0
236.0
243.0
297.0
311.0
249.0
288.0
319.0
180.0
354.0
211.0
295.0
283.0
237.0
401.0
237.0
344.0
266.0
294.0
287.0
392.0
271.0
251.0
221.0
225.0
150.0
190.0
229.0
371.0
182.0
216.0
119.5
347.5
270.0
41.0
352.0
195.0
430.0
152.0
218.0
438.0
343.0
320.0
326.0
254.0
383.0
200.0
257.0
407.0
207.0
324.0
415.0
57.0
369.0
321.0
246.0
114.0
209.0
337.0
199.0
410.0
174.0
321.0
107.0
309.0
360.0
256.0
240.0
448.0
201.0
220.0
131.0
381.0
210.0
429.0
223.0
224.0
278.0
288.0
269.0
461.5
298.0
279.0
443.0
117.0
452.0
228.0
286.0
180.0
257.0
463.0
301.0
241.0
260.0
265.0
219.0
327.0
406.0
20.0
332.0
124.0
164.0
250.0
386.0
25.0
134.0
418.0
226.0
251.0
143.0
383.0
64.0
232.0
179.0
360.0
179.0
601.0
419.0
214.0
385.0
129.0
485.0
36.0
378.0
165.0
274.0
142.0
249.0
505.0
184.0
320.0
250.0
372.0
292.0
312.0
289.0
322.0
333.0
260.0
386.0
213.0
267.0
86.0
254.0
355.0
224.0
417.0
396.0
120.0
405.0
107.0
99.0
416.0
565.0
111.0
159.0
422.0
256.0
458.5
462.0
179.0
163.0
430.0
368.0
375.0
462.0
136.0
194.666666667
294.333333333
69.0
454.0
318.0
196.0
204.0
95.0
429.0
223.0
235.5
352.0
129.0
381.0
228.0
343.0
439.0
34.0
335.0
200.0
107.0
440.0
546.0
149.0
288.5
407.0
464.0
232.0
408.0
78.0
463.0
175.0
363.0
131.0
285.0
415.5
406.0
57.0
151.0
388.0
285.0
321.0
327.0
220.0
206.0
369.0
233.0
218.0
436.0
115.0
161.0
388.0
347.0
301.0
258.0
340.0
156.0
306.0
309.0
258.0
371.0
327.0
172.0
387.0
193.0
387.0
195.0
338.0
336.0
294.0
336.0
89.0
266.0
348.0
282.0
383.0
137.0
268.0
324.0
161.0
214.0
310.0
353.0
143.0
104.0
405.0
255.0
308.0
116.0
410.0
310.0
183.0
421.0
171.0
207.0
421.0
306.0
468.0
370.0
232.0
329.0
200.0
324.0
124.0
373.0
261.0
456.0
188.0
116.0
369.0
109.0
309.0
414.0
161.0
407.0
149.0
287.0
133.0
142.0
357.0
249.666666667
314.666666667
244.0
143.0
317.0
273.0
108.0
281.0
369.0
259.0
273.0
444.0
194.0
330.0
281.0
208.0
117.0
176.0
187.0
450.0
262.0
227.0
103.0
319.0
65.0
397.0
147.0
168.0
260.0
178.0
277.0
392.0
200.0
361.0
91.0
250.0
377.0
104.0
309.0
333.0
329.0
25.0
374.0
231.0
191.0
170.0
175.0
381.0
394.0
239.0
356.0
268.0
323.0
245.0
196.0
398.0
193.0
393.0
425.0
268.0
160.0
439.0
215.0
445.0
304.0
209.0
270.0
149.0
64.0
281.0
432.0
241.0
207.0
144.0
270.0
314.0
306.0
165.0
373.5
232.5
371.0
161.0
298.0
268.0
234.0
187.0
128.0
322.0
204.0
232.0
177.0
311.0
260.0
241.0
233.0
187.0
266.0
245.0
230.0
47.0
224.0
381.0
434.0
106.0
245.0
376.0
370.0
263.0
312.0
219.0
203.0
227.0
270.0
253.0
194.0
171.0
174.0
451.0
423.0
105.0
197.0
396.0
403.0
242.0
236.0
258.0
147.0
284.0
379.0
121.0
302.0
189.0
220.0
439.0
286.0
370.0
285.0
373.0
174.0
444.0
252.0
263.0
139.0
260.0
66.0
290.0
187.0
309.0
223.0
262.0
290.0
433.0
443.0
222.0
336.0
229.0
297.0
208.0
371.0
108.0
412.0
306.0
345.0
25.0
400.0
206.0
277.0
61.0
301.0
149.0
403.0
153.0
231.0
460.0
226.5
365.0
294.0
278.0
247.0
318.0
156.0
410.0
126.0
364.0
220.0
307.0
177.0
326.0
143.0
565.0
321.0
55.0
404.0
239.0
302.0
519.0
242.0
75.0
190.0
346.0
220.0
292.0
314.0
116.0
248.0
202.0
163.0
124.0
381.0
136.0
245.0
343.0
241.0
206.0
222.0
365.0
318.0
230.0
217.0
396.0
240.0
389.0
178.0
437.0
101.0
373.0
392.0
220.0
234.0
315.0
100.0
320.0
167.0
370.0
173.0
402.0
140.0
443.0
25.0
399.0
338.0
132.0
268.0
395.0
310.0
359.0
129.0
257.0
271.0
355.0
130.0
378.0
102.0
171.0
228.0
378.0
123.0
336.0
633.0
96.0
380.0
262.0
302.0
284.0
412.0
5.0
342.0
134.0
155.0
446.0
283.0
291.0
303.0
295.0
146.0
206.0
280.0
398.0
174.333333333
247.666666667
325.0
120.0
171.5
325.0
265.0
306.0
137.0
548.0
409.0
259.0
35.0
328.0
300.0
196.0
361.0
113.0
187.0
137.0
125.0
328.0
363.0
182.0
157.0
363.0
292.0
268.0
75.0
361.0
273.0
355.0
197.0
378.0
268.0
386.0
223.0
354.0
392.0
170.0
370.0
253.0
316.0
273.0
312.0
277.0
241.0
287.0
239.0
216.0
413.0
124.0
261.0
259.0
253.333333333
384.333333333
229.0
234.5
227.0
334.0
312.0
281.0
330.0
342.0
345.0
327.0
268.0
277.0
233.0
422.0
219.0
360.0
274.0
398.0
51.0
426.0
264.0
333.0
257.333333333
262.666666667
194.0
60.0
383.5
240.0
150.0
160.0
216.5
415.0
319.0
85.0
239.0
342.0
210.0
339.0
254.0
346.0
333.0
174.0
104.0
351.0
80.0
408.0
303.0
153.0
240.0
421.0
251.0
395.0
223.0
169.0
298.0
285.0
302.0
318.0
401.0
346.0
176.0
196.0
252.0
482.0
91.0
327.0
303.0
211.0
65.0
244.0
402.0
20.0
149.0
349.0
276.0
315.0
240.0
165.0
359.0
148.0
291.0
296.0
259.0
264.0
78.0
323.0
221.0
275.0
314.0
244.0
210.0
230.0
358.0
221.0
90.0
394.0
30.0
345.0
148.0
392.0
359.0
175.0
214.5
328.0
296.0
239.0
327.0
177.0
321.0
182.0
240.0
272.0
150.0
279.0
355.0
132.0
244.5
317.5
361.0
185.0
346.0
211.0
182.0
309.0
258.0
268.0
324.0
347.0
258.0
394.0
256.0
341.5
303.0
242.0
242.0
239.0
110.0
379.0
250.0
158.0
302.0
117.0
193.0
412.0
60.0
430.0
395.0
139.0
410.0
66.0
178.0
253.0
177.0
167.0
348.0
239.0
318.0
145.0
21.0
369.0
202.0
420.0
302.0
167.0
391.0
249.0
295.0
237.0
65.0
392.0
321.5
337.5
100.0
356.0
215.0
397.0
346.0
211.0
274.0
360.0
335.0
184.0
311.0
364.0
332.0
132.0
401.0
107.0
302.0
282.0
271.0
263.0
231.0
319.0
186.0
382.0
214.0
317.0
228.0
252.0
246.0
251.0
73.0
390.0
365.0
99.0
302.0
206.0
278.0
341.0
213.0
193.0
223.0
402.0
384.0
189.0
291.0
289.0
310.0
181.0
184.0
315.0
160.0
366.0
194.0
334.0
223.0
394.0
65.0
226.0
140.0
357.0
187.0
336.0
260.0
276.0
267.0
236.0
243.0
304.0
261.0
393.0
419.0
218.0
238.0
340.0
265.0
55.0
191.0
381.0
358.0
163.0
241.0
259.0
283.0
172.0
25.0
310.0
179.0
297.0
384.0
275.0
211.0
306.0
167.0
342.0
319.0
305.0
376.0
197.0
426.0
310.0
181.0
265.0
303.0
388.5
354.0
235.0
96.0
391.0
344.0
113.0
278.0
475.0
250.0
277.0
281.0
350.0
208.0
232.0
221.0
390.0
341.0
172.0
215.0
304.0
178.0
275.0
285.0
237.0
146.0
268.0
220.0
196.0
314.0
229.0
392.0
180.0
286.0
210.0
278.0
312.0
181.0
382.0
335.0
244.0
329.0
305.0
482.0
129.0
190.0
271.0
324.0
194.0
275.0
255.0
302.0
232.0
204.0
360.0
396.0
176.0
320.0
326.0
278.0
200.0
367.0
328.0
285.0
370.5
209.0
404.0
183.0
294.0
297.0
244.0
302.0
325.0
218.0
382.0
363.0
153.0
297.0
125.0
420.0
175.0
206.0
330.0
126.0
323.0
129.0
359.0
419.0
221.0
382.0
165.0
346.0
247.0
183.0
431.0
245.0
282.0
248.0
297.5
210.0
182.0
280.0
336.0
171.0
330.0
302.0
284.0
362.0
295.5
79.0
370.0
126.0
362.0
436.0
375.0
386.0
248.0
