(3350, 2)
247
192
206
390
353
166
320
338
325
304
151
341
304
269
332
234
328
237
98
290
295
107
217
348
267
300
15
50
338
94
20
145
50
179
170
355
232
171
148
257
41
290
82
310
251
119
105
78
200
126
377
253
271
210
296
156
330
259
277
187
164
419
83
195
300
208
203
146
223
289
94
275
387
160
218
253
85
271
317
273
340
222
396
75
243
271
28
266
278
191
230
298
247
279
155
192
379
111
359
148
307
185
352
255
238
447
235
227
334
168
297
261
247
116
127
149
269
117
96
363
303
60
227
77
58
226
98
385
283
242
42
351
121
335
382
101
118
37
127
377
333
90
227
139
41
344
260
252
383
246
381
100
388
139
377
76
191
388
347
173
317
133
365
197
216
132
154
359
195
336
205
225
304
209
312
398
309
87
369
200
36
381
191
202
108
281
181
304
165
348
234
83
241
240
251
406
85
423
55
557
193
511
333
247
165
461
387
188
176
348
277
382
296
292
220
372
292
405
140
353
322
94
104
405
377
277
181
382
301
145
213
292
408
78
188
71
174
337
110
379
208
239
225
426
397
5
196
393
339
229
294
325
283
206
217
385
345
264
214
260
277
178
114
190
259
360
255
308
297
244
248
330
312
16
424
175
127
275
116
410
42
435
182
480
86
15
151
45
296
209
357
160
463
175
307
276
294
278
310
183
423
282
250
158
136
431
290
135
197
315
298
337
138
390
363
131
132
302
131
339
247
318
282
133
359
220
241
306
189
313
402
105
207
287
202
180
252
350
241
253
197
5
272
218
70
458
209
349
218
418
352
413
616
367
358
350
293
337
295
450
237
385
223
413
414
130
401
306
271
424
239
436
254
365
174
376
142
388
368
250
10
375
345
208
283
260
87
238
237
256
327
223
332
125
207
196
71
238
180
219
278
295
302
265
171
234
403
177
341
172
94
324
290
211
288
182
181
252
134
409
277
316
337
315
355
182
256
201
310
231
407
130
265
363
353
258
96
390
394
7
211
299
182
282
203
359
188
416
251
375
239
311
247
158
345
28
384
101
232
361
266
213
268
319
232
193
383
72
356
187
300
280
64
349
394
306
158
399
369
250
373
209
119
392
220
243
158
356
340
181
410
250
374
118
421
224
236
168
409
103
346
190
379
390
107
380
388
178
243
341
243
237
250
332
196
350
361
106
352
162
233
421
435
145
315
307
156
454
187
215
228
259
325
215
310
242
378
280
319
340
257
382
379
313
374
271
316
339
254
368
224
411
187
346
283
285
410
324
383
291
265
411
223
427
288
310
294
422
203
334
467
49
253
357
157
297
401
112
297
209
65
226
280
380
350
187
194
328
370
128
246
358
353
201
280
284
252
263
146
259
301
203
359
264
345
288
224
262
355
300
266
369
241
206
332
132
181
272
256
450
427
154
397
263
417
35
366
227
419
37
222
365
243
467
439
125
305
355
183
315
139
260
214
330
413
239
125
398
146
393
305
266
350
189
393
194
31
303
320
326
360
260
416
248
190
357
120
362
235
316
257
249
415
279
70
274
338
319
357
194
100
250
285
204
278
200
392
224
88
361
340
301
349
159
256
347
296
314
281
110
318
230
346
276
436
40
250
311
332
127
365
237
249
257
212
395
464
191
358
156
199
377
218
355
199
416
278
426
235
311
267
371
174
406
198
369
422
225
294
195
263
396
210
211
282
319
262
417
222
359
121
403
354
167
231
367
268
299
339
124
205
306
200
384
316
137
157
498
161
302
276
0
288
277
375
250
106
359
266
325
211
271
388
83
317
281
156
197
519
232
291
171
241
87
229
282
207
316
305
55
283
243
374
256
446
20
224
272
168
279
169
410
125
328
208
333
301
201
353
210
65
445
286
241
382
223
194
342
307
257
187
189
150
342
231
216
151
388
132
273
226
352
349
177
303
274
363
182
288
336
84
415
345
226
128
269
262
319
111
257
254
260
217
247
278
331
288
287
156
280
316
165
268
272
357
276
323
162
401
181
65
392
122
389
182
252
385
282
367
232
291
424
302
151
331
186
240
119
221
234
371
179
271
130
420
158
362
302
219
400
339
402
185
353
179
391
238
387
233
317
97
371
130
410
292
318
200
400
165
50
69
454
312
215
42
220
294
30
250
78
346
55
21
369
183
297
397
140
186
268
20
341
397
65
227
60
245
249
324
55
388
100
184
359
372
41
328
211
230
47
352
202
302
258
396
58
261
158
76
250
318
196
368
163
397
90
204
95
393
196
82
409
65
183
153
40
181
278
126
323
75
246
412
65
282
301
276
155
35
422
337
243
207
264
165
398
262
97
143
150
224
366
350
227
152
299
159
419
69
374
216
370
195
280
241
431
229
259
364
21
266
101
136
107
324
124
275
255
158
234
429
248
308
250
172
328
177
288
70
358
373
261
107
394
188
365
333
93
298
480
357
101
338
201
233
206
360
106
417
156
268
369
118
133
269
91
261
0
213
359
232
404
347
301
241
442
327
268
159
358
319
297
301
305
327
389
272
388
419
229
328
260
280
278
219
348
215
336
391
298
363
35
202
358
178
313
394
174
402
20
278
227
209
276
341
180
300
159
262
227
150
190
282
219
262
173
170
260
379
128
127
371
149
349
305
239
166
291
326
99
479
279
326
143
103
319
39
211
233
279
217
302
313
172
351
203
175
123
339
250
239
431
282
277
165
267
341
151
157
363
298
231
267
106
436
115
205
315
264
323
333
296
65
397
35
405
337
95
355
151
191
340
224
354
337
298
311
280
291
196
310
146
136
432
276
315
378
81
142
301
357
93
265
137
161
388
232
360
102
322
239
315
187
329
258
272
313
227
391
186
230
330
350
88
324
10
245
176
218
340
292
268
241
257
278
245
214
327
281
350
229
371
335
306
197
298
182
216
461
65
354
192
335
432
316
422
306
236
212
359
396
259
105
365
134
330
157
406
222
354
285
225
247
190
177
249
178
255
114
333
384
346
316
268
51
275
93
347
117
176
138
286
5
134
240
165
258
190
207
235
30
212
324
207
132
274
230
41
30
271
173
144
352
46
161
169
372
25
155
229
178
204
238
221
141
179
144
259
143
366
155
299
63
315
176
196
259
173
152
331
319
159
196
322
147
168
373
163
187
224
193
243
10
393
165
157
385
129
319
233
209
339
230
42
229
367
95
241
20
292
254
201
186
50
280
189
300
144
151
214
188
311
237
391
311
102
270
41
201
339
355
136
279
267
226
112
125
321
90
311
339
20
386
213
146
287
199
250
315
187
209
293
273
141
228
416
157
327
55
357
236
258
60
239
485
36
379
215
254
106
265
225
181
90
82
338
329
173
308
10
244
214
147
284
137
325
222
400
352
195
101
150
260
178
104
66
283
264
144
373
105
411
191
451
303
191
365
139
314
336
272
423
170
430
38
492
342
327
397
263
259
423
187
345
309
421
346
240
338
368
330
77
334
203
224
155
322
286
307
441
399
97
141
168
205
347
296
248
46
351
165
359
240
241
298
268
207
324
178
328
173
432
167
203
438
72
40
413
418
244
182
309
345
154
250
180
241
302
305
288
223
354
272
365
195
448
250
279
212
439
366
199
445
240
208
232
227
126
177
326
50
414
202
367
135
355
68
437
377
377
189
371
258
268
180
396
354
375
348
292
384
275
367
310
217
427
141
423
129
359
143
565
327
229
317
248
302
206
142
230
279
282
288
285
483
120
328
120
402
133
419
221
324
241
135
360
286
277
140
357
418
309
326
262
416
212
120
454
218
373
392
170
168
392
184
328
415
31
218
250
410
198
490
229
295
178
177
323
312
306
141
195
194
464
190
320
155
448
337
260
65
370
172
257
225
430
312
399
282
403
394
334
288
361
286
315
243
351
122
356
284
477
272
296
248
275
25
464
148
366
61
273
252
212
210
258
45
372
338
168
209
235
314
267
224
270
132
280
40
354
216
130
229
69
411
83
270
149
346
15
329
129
425
25
237
308
146
229
293
415
274
142
146
192
145
266
153
284
397
30
64
281
325
120
179
421
275
115
253
124
133
356
177
322
345
79
208
268
239
342
157
357
60
291
132
437
137
407
15
386
249
505
212
308
211
206
290
191
174
289
309
160
235
193
340
158
186
325
221
275
239
345
291
249
316
60
242
239
327
141
321
170
337
191
306
452
20
398
26
140
322
203
303
223
180
392
432
241
101
312
210
339
357
156
116
265
184
320
207
144
390
71
182
309
276
216
353
276
262
334
160
408
246
319
139
408
231
481
306
468
240
361
149
403
235
268
261
327
249
326
193
338
321
431
292
409
327
235
413
193
370
232
371
251
267
86
223
262
96
351
379
323
362
231
404
186
296
300
167
370
212
359
254
355
194
334
295
438
290
433
177
167
223
394
395
284
314
295
370
244
493
223
323
309
262
177
253
417
333
227
394
219
224
417
273
355
224
363
295
283
301
300
267
293
284
388
396
120
314
253
443
222
237
401
157
423
356
331
351
160
237
344
315
263
108
344
329
200
309
263
179
439
422
210
280
338
221
390
264
440
173
402
435
192
413
235
77
375
356
289
402
305
405
107
449
85
266
294
219
370
262
410
286
266
348
239
214
325
308
218
269
374
318
145
219
336
234
345
270
746
353
279
383
259
324
307
285
365
294
404
272
357
173
404
187
386
295
337
241
376
249
380
276
348
322
363
446
280
349
226
419
34
346
117
205
236
146
206
250
372
203
388
341
291
59
454
261
288
419
182
184
399
321
55
249
397
113
287
347
301
231
293
98
367
143
370
343
237
363
189
292
312
295
293
385
209
197
378
190
327
36
420
179
407
432
124
375
150
261
321
250
369
358
148
240
173
367
220
280
336
436
246
175
449
278
434
355
172
260
232
240
380
258
394
297
243
407
193
416
241
133
398
258
340
312
277
276
268
335
231
228
442
284
366
65
324
268
386
439
243
275
366
70
498
265
409
329
305
377
207
437
120
404
239
375
149
285
388
232
237
253
231
264
290
406
211
148
431
233
296
189
177
243
304
378
180
275
296
387
291
302
519
368
197
214
396
369
216
272
307
143
395
419
275
209
306
289
322
251
395
437
181
214
184
169
465
450
159
286
206
433
222
418
339
250
374
262
287
326
420
313
317
262
262
267
419
281
364
361
177
266
303
227
287
369
252
163
374
65
420
164
541
125
496
173
234
239
382
387
20
340
130
210
369
404
146
211
302
109
309
366
233
198
225
350
77
293
48
264
482
111
332
219
327
334
247
412
178
377
189
172
371
122
314
357
56
468
117
214
243
75
420
419
193
250
293
425
268
119
441
282
253
301
278
95
297
380
252
257
392
414
161
342
266
409
259
133
395
263
257
342
205
35
328
439
211
343
200
232
252
96
391
389
68
406
65
217
307
107
259
397
80
263
301
409
261
231
527
300
196
307
50
410
179
332
257
238
436
245
456
375
68
439
230
175
491
257
483
172
509
61
514
233
241
225
228
270
439
106
406
282
451
257
440
30
161
68
343
55
243
257
426
227
334
205
199
91
250
290
240
219
202
150
410
106
441
262
206
275
187
193
387
258
302
395
82
361
185
444
247
218
261
229
355
229
327
404
282
259
275
351
213
202
273
188
483
278
392
367
311
204
157
140
416
312
281
191
91
277
239
356
96
269
499
398
69
80
214
195
338
302
284
277
392
147
246
58
375
204
320
443
111
257
237
369
110
160
404
355
277
134
241
196
373
264
313
321
280
270
152
327
77
226
382
300
282
360
297
439
34
459
81
234
315
518
153
429
192
229
330
304
191
437
255
377
104
429
32
335
200
275
278
280
415
279
329
251
361
217
308
407
200
65
304
215
324
216
397
177
473
296
308
322
358
237
401
197
367
249
383
51
433
468
176
372
174
94
302
106
338
271
325
436
242
354
219
281
75
206
330
329
33
242
168
211
173
44
590
187
210
90
229
152
367
275
283
214
371
407
96
196
436
258
237
111
346
425
150
430
152
180
170
94
365
246
274
55
428
242
75
437
31
381
136
254
220
334
210
198
323
355
61
356
292
219
360
389
239
218
438
325
140
193
8
359
175
350
190
165
329
103
383
319
172
66
377
374
220
327
60
367
305
75
339
238
150
147
435
221
178
371
80
73
354
67
418
243
251
241
247
51
454
208
601
57
369
361
66
429
196
431
107
276
396
248
247
155
254
292
267
177
304
266
168
190
346
135
347
239
144
422
298
224
118
370
109
245
343
324
267
278
153
432
289
285
369
123
365
198
364
231
292
435
301
347
438
0
1
394
373
274
415
222
371
406
173
300
377
184
290
266
354
292
320
267
381
325
358
298
279
110
335
233
285
386
110
249
267
361
91
361
113
248
300
442
35
383
80
169
402
187
137
351
266
240
460
342
93
353
188
53
235
111
291
247
329
258
41
255
389
258
415
194
293
300
284
321
234
279
73
214
313
482
129
117
321
102
215
256
239
190
325
297
168
323
172
364
380
398
232
429
223
83
388
389
257
394
290
466
205
267
435
205
323
398
139
338
327
438
192
181
324
286
414
105
341
324
85
230
389
59
448
249
279
293
290
243
349
165
429
190
271
261
437
361
319
401
346
62
355
417
105
216
555
260
276
448
204
265
259
260
265
203
309
229
352
164
322
193
393
416
194
251
262
431
300
174
422
241
381
382
382
238
203
226
470
331
245
308
71
289
253
175
434
317
366
278
301
267
441
205
409
370
355
245
389
261
381
172
412
292
407
332
227
269
311
380
278
159
437
265
397
177
367
288
453
329
125
182
145
341
173
400
157
435
53
339
89
371
153
20
321
336
229
314
229
280
160
267
236
84
359
374
231
204
386
346
211
325
199
353
252
156
266
195
365
82
381
142
241
233
99
123
318
171
279
230
406
159
411
80
394
126
362
285
160
145
296
91
327
106
409
370
253
397
277
140
375
269
117
289
237
208
364
319
305
318
231
134
275
335
244
265
315
226
198
177
302
243
424
191
124
257
280
297
125
145
364
376
197
216
327
440
196
40
308
114
265
124
373
25
254
208
411
132
415
212
211
281
322
143
373
191
170
331
134
402
87
497
46
223
265
401
105
288
369
265
323
274
360
389
81
175
381
355
166
278
341
422
285
346
247
267
244
242
464
388
230
414
128
225
367
251
326
327
115
194
403
389
86
370
163
179
330
195
378
184
332
328
393
130
397
251
131
451
234
278
327
337
283
446
270
441
207
419
288
270
435
266
396
91
477
252
313
198
247
281
190
278
234
275
371
250
268
292
210
311
346
233
371
129
328
45
261
61
238
93
227
78
323
313
306
354
313
144
308
317
35
262
370
339
215
401
150
244
83
178
253
304
22
96
136
155
433
248
324
243
307
103
212
469
15
379
202
98
225
25
310
235
208
199
359
241
224
290
362
334
173
347
214
81
435
245
122
66
91
161
108
217
137
377
224
405
90
139
368
102
339
454
178
70
327
142
171
241
259
380
119
343
168
203
227
423
128
163
344
159
393
105
336
312
25
127
166
123
310
156
339
391
249
473
185
84
399
75
361
387
165
176
192
321
203
240
223
270
253
103
301
246
447
395
201
10
122
296
177
131
151
309
170
131
369
241
382
35
479
306
273
386
134
57
418
363
81
412
230
302
325
295
220
109
409
220
292
291
440
219
360
262
367
407
186
194
171
386
248
273
25
494
78
267
440
299
465
189
451
297
383
230
310
281
353
249
479
265
444
398
298
324
305
161
418
188
434
259
301
181
298
385
166
371
226
335
189
294
196
366
225
72
325
140
252
338
156
120
353
187
278
161
367
272
182
199
139
248
387
176
242
247
396
291
389
170
309
138
374
344
94
412
265
84
314
116
180
65
408
251
232
130
444
263
71
33
168
250
393
241
287
203
367
361
221
269
251
128
346
166
352
444
169
291
89
258
198
403
57
382
150
229
206
183
322
109
400
217
396
258
257
65
365
312
219
369
173
183
294
329
232
217
423
396
192
288
228
346
82
258
251
415
263
302
318
139
456
378
165
158
189
337
289
398
205
370
263
205
465
373
84
307
388
208
20
225
372
336
69
380
223
170
338
193
332
360
235
472
226
303
272
303
211
65
244
100
266
347
433
171
499
319
271
409
127
362
195
406
183
275
418
302
396
259
344
259
404
397
168
357
281
226
365
250
353
193
404
212
354
392
125
308
237
72
255
239
282
348
270
406
57
235
279
354
153
157
384
151
243
60
342
326
254
322
155
395
234
184
185
397
275
360
116
129
381
361
106
88
326
245
231
197
278
268
339
395
142
294
355
367
175
196
356
52
378
106
298
281
404
293
334
153
290
228
343
255
633
202
317
181
340
353
35
201
340
299
77
364
313
200
363
122
269
383
200
81
439
257
407
322
284
355
149
443
243
387
279
229
375
341
153
347
216
387
194
174
272
464
232
294
298
133
370
382
237
447
202
387
117
298
259
283
254
352
119
187
373
310
71
147
416
184
339
204
360
297
224
261
437
373
392
238
328
422
172
376
190
278
392
343
305
372
261
243
383
216
375
391
300
378
289
386
186
344
327
301
284
341
303
220
332
220
256
209
400
176
467
190
203
440
165
264
187
239
158
375
156
147
297
73
443
25
435
267
183
307
303
340
32
255
174
260
256
280
264
364
186
331
403
274
174
339
341
179
250
239
349
407
15
311
246
202
204
402
266
334
177
190
90
353
278
223
291
246
78
220
119
41
386
360
220
208
431
165
216
36
428
510
192
376
171
248
202
226
250
33
386
136
431
360
244
286
239
141
363
136
315
258
309
386
271
213
451
380
246
230
384
229
145
235
351
376
163
241
292
209
285
20
368
395
229
204
350
160
414
220
376
267
317
312
258
171
330
355
200
278
262
285
291
362
50
140
436
260
236
407
306
170
405
366
269
177
387
252
308
219
356
285
393
343
206
341
115
407
285
274
356
344
297
422
271
277
326
295
216
267
267
334
264
206
317
185
261
324
188
78
253
110
180
272
247
147
288
353
253
116
299
159
320
217
398
313
251
219
295
265
55
78
382
111
253
194
60
303
217
66
156
210
182
228
27
219
128
224
167
179
297
299
218
244
143
138
296
133
341
383
189
343
197
152
550
220
594
88
463
153
480
260
446
196
435
164
413
354
240
289
323
322
398
314
372
204
271
179
358
278
257
257
104
274
234
40
433
285
351
320
143
214
343
97
453
131
458
314
167
20
284
267
269
372
149
352
173
290
178
184
248
219
418
161
405
183
335
247
312
114
96
415
142
61
418
381
121
196
151
221
364
371
108
227
413
262
352
312
393
360
199
261
409
329
191
345
283
109
390
458
204
382
253
407
152
134
408
234
334
368
256
335
294
342
212
341
116
115
356
382
269
223
244
245
321
294
512
221
317
247
389
81
398
194
161
259
259
415
57
423
120
478
110
363
163
169
362
293
261
376
175
120
377
327
207
361
380
374
146
331
198
300
277
180
326
441
206
296
359
259
264
228
277
255
323
421
233
110
373
237
128
386
256
262
435
275
234
268
338
220
356
325
208
96
470
207
251
363
168
343
246
163
327
310
249
78
385
290
411
272
342
338
137
312
366
324
394
333
441
169
330
106
456
314
310
249
319
264
320
298
423
279
442
295
362
371
426
317
160
260
241
129
382
394
134
127
334
264
214
347
75
55
368
371
20
239
216
419
214
10
179
428
252
302
95
88
436
198
248
375
263
233
333
39
251
233
187
183
278
208
300
344
113
302
117
75
408
204
232
358
163
253
129
112
233
235
397
83
326
229
384
278
475
140
443
172
125
337
342
303
324
207
370
420
90
274
211
191
254
413
124
146
268
426
282
354
58
242
310
177
311
411
89
266
232
41
353
450
293
202
480
193
412
526
191
293
408
138
468
227
178
352
289
351
283
155
431
311
297
363
270
373
213
330
269
145
341
332
295
220
116
178
275
419
218
264
369
157
378
430
206
430
284
250
277
285
237
352
93
54
321
326
139
409
227
290
246
319
153
82
395
302
232
309
277
209
321
125
259
409
167
359
250
220
196
96
298
439
233
261
259
343
341
200
447
217
365
314
350
301
418
301
381
320
469
228
286
239
391
345
450
283
377
347
311
304
418
369
286
168
375
252
419
340
45
454
218
204
389
339
159
467
102
127
336
370
263
82
273
333
232
217
418
320
7
324
153
456
169
201
331
324
191
331
307
322
291
144
517
213
259
287
328
182
352
317
264
113
243
242
400
412
289
231
382
318
142
104
252
373
362
241
357
353
304
273
310
355
119
236
335
329
256
349
282
222
325
305
70
209
237
270
336
358
223
397
35
303
264
422
101
299
299
177
451
371
288
51
407
303
331
400
187
139
225
249
273
302
276
465
467
381
216
228
235
279
308
180
379
136
429
242
420
145
487
210
392
236
289
193
278
328
205
290
347
317
0
415
166
433
306
272
403
353
489
289
438
318
328
156
430
192
472
221
363
609
260
464
274
343
208
404
257
423
293
384
217
382
185
350
15
194
169
136
246
315
51
423
105
290
366
384
172
294
304
150
279
428
120
181
340
184
404
216
209
212
313
297
208
113
260
296
398
390
174
164
360
90
324
188
326
367
104
129
288
279
404
161
270
330
228
294
260
179
515
121
421
281
208
423
197
284
232
253
206
371
161
69
400
90
133
375
183
364
248
432
231
346
247
350
242
138
371
381
138
238
318
250
402
215
394
356
282
54
332
270
314
161
211
292
379
194
349
101
426
248
422
375
124
109
420
451
307
197
325
362
86
226
330
405
263
131
236
295
127
165
281
299
347
136
330
324
123
361
252
260
345
280
384
247
308
299
295
244
267
330
210
455
266
272
317
5
380
442
70
355
132
229
380
338
100
75
322
336
265
279
383
385
284
370
281
334
203
201
433
254
395
312
371
450
271
460
221
453
309
403
354
95
432
80
393
317
186
360
211
314
270
249
443
279
440
194
353
265
365
306
165
202
420
345
116
51
409
123
260
136
175
130
322
130
435
237
300
217
302
371
53
215
304
127
299
286
90
430
206
100
243
122
326
227
185
234
187
265
337
196
302
238
419
380
233
178
263
74
368
211
306
218
242
342
286
396
205
261
260
167
342
302
167
345
275
293
146
423
81
416
152
272
382
443
190
352
65
396
176
424
135
350
34
443
117
146
399
126
345
103
343
179
328
166
208
255
174
172
377
228
252
128
322
433
188
35
279
295
69
96
325
50
408
325
299
251
208
305
364
117
475
159
441
333
260
133
319
168
390
273
293
128
400
211
393
294
235
82
293
299
160
93
337
176
225
60
319
179
454
338
185
206
369
158
161
426
153
314
260
324
194
196
182
366
98
296
109
314
116
216
181
293
242
204
412
402
417
273
442
348
349
245
458
371
374
198
322
246
446
148
269
242
297
215
296
76
457
297
370
294
312
127
231
164
45
426
108
356
133
231
471
470
198
282
354
206
261
305
166
311
253
358
117
145
189
45
452
413
191
253
136
392
55
94
292
158
320
217
296
100
387
383
222
285
306
148
309
145
388
250
140
100
406
286
324
420
183
428
53
364
249
164
216
166
320
425
155
368
196
80
382
341
135
226
419
349
66
147
390
434
227
310
293
244
379
234
159
370
133
298
285
211
361
410
413
276
113
353
86
129
279
392
107
113
391
287
133
381
264
297
337
188
229
358
147
401
305
392
95
432
232
179
98
26
407
402
186
169
413
252
135
193
404
158
396
190
472
154
305
282
229
370
168
134
388
87
366
70
325
139
463
100
438
295
401
415
234
401
266
136
386
224
425
162
455
242
337
346
353
297
322
195
415
311
320
336
286
444
326
205
250
241
236
389
102
247
81
263
360
163
124
342
188
181
265
285
324
252
250
165
133
299
147
245
119
246
251
88
286
52
377
106
382
358
30
266
348
502
203
282
229
306
286
274
234
252
274
135
346
192
363
126
91
307
265
271
106
387
243
348
250
280
298
209
326
79
345
180
268
99
366
288
271
412
251
369
114
266
155
211
367
222
333
197
378
255
364
302
282
322
155
225
294
178
317
95
380
282
383
48
301
364
263
404
96
295
230
261
285
255
51
355
116
372
286
236
291
334
76
101
370
400
219
387
296
362
125
333
90
334
315
43
252
197
396
207
337
402
211
226
105
239
353
371
179
403
242
244
25
178
413
117
506
257
35
394
247
296
379
265
417
250
356
198
406
247
371
264
474
213
492
273
343
477
326
306
432
152
434
83
420
410
334
268
301
490
260
197
383
234
449
251
301
352
342
398
339
156
386
370
255
187
518
249
284
375
138
179
457
232
347
186
382
233
218
165
323
183
155
195
216
242
391
251
5
450
39
392
180
214
317
401
195
337
198
274
398
225
295
393
311
294
314
140
402
223
181
222
292
403
225
284
303
358
211
348
408
376
51
165
413
369
259
240
272
343
347
376
172
56
445
270
243
337
273
273
444
386
186
91
400
375
165
468
145
218
161
270
397
99
416
259
242
304
252
263
284
183
480
51
426
378
193
300
281
199
388
214
10
37
362
450
212
146
367
137
359
410
91
565
111
259
175
131
349
194
330
200
432
286
210
182
288
224
473
317
358
302
277
191
381
204
295
431
215
498
247
294
238
159
422
133
300
271
411
279
334
276
434
312
401
259
439
191
464
245
466
306
474
286
400
102
397
425
279
275
314
277
405
218
424
296
217
283
332
237
213
406
218
411
217
164
202
75
344
426
292
237
139
352
182
139
427
266
192
407
147
193
227
344
296
339
219
369
290
402
87
323
308
398
234
208
346
318
409
179
601
310
316
135
169
348
205
390
119
428
188
236
243
334
239
220
307
334
569
176
339
152
370
497
247
75
471
362
112
221
225
148
319
249
335
187
450
60
408
236
372
278
419
317
346
243
305
385
253
410
30
289
416
297
311
361
296
128
473
260
278
154
339
210
409
69
420
208
370
84
342
361
294
425
210
335
297
321
293
341
218
466
151
321
212
306
326
292
299
467
303
208
425
249
288
358
140
276
213
288
349
298
217
260
355
274
307
76
260
379
146
327
105
348
167
425
209
310
194
206
421
258
371
209
312
336
383
201
430
269
297
175
370
264
395
418
211
365
178
230
352
269
260
208
398
146
358
260
244
178
281
273
187
278
312
352
172
241
41
55
290
47
379
344
183
447
30
205
335
149
356
190
378
241
396
258
240
273
273
302
189
392
172
336
172
179
274
327
118
144
377
378
200
236
277
176
194
198
381
208
195
366
293
184
336
318
208
181
269
155
275
360
157
380
91
214
368
216
313
445
278
369
75
431
122
404
209
303
327
265
379
172
344
378
195
187
232
295
258
164
74
321
234
343
320
287
392
381
228
182
318
317
247
110
404
271
251
146
301
176
455
71
421
93
358
254
375
334
267
205
235
307
273
340
182
285
294
188
391
403
296
280
404
66
431
396
154
196
406
264
183
370
270
447
223
265
256
190
231
292
378
121
380
237
413
271
358
357
399
308
469
325
434
252
404
280
379
298
326
302
325
293
421
209
411
326
350
321
357
176
368
376
162
294
324
128
398
344
168
228
386
395
234
332
159
368
292
40
282
274
223
150
365
212
269
378
81
374
318
413
289
349
325
25
407
206
129
182
383
245
524
237
454
207
349
387
324
393
225
396
213
392
182
296
311
324
204
391
298
412
371
349
332
376
95
378
244
360
129
143
466
399
215
130
372
354
300
380
181
201
404
340
258
266
457
364
180
432
204
110
360
253
336
373
282
186
368
263
429
334
368
344
401
310
359
421
234
335
115
296
405
207
217
430
199
400
206
353
173
402
275
271
336
203
463
318
323
411
246
344
151
378
228
211
350
344
355
232
395
388
221
381
237
311
203
418
229
456
188
342
314
341
222
484
258
229
428
327
353
217
423
353
416
349
391
393
183
374
297
284
399
286
342
290
385
207
426
194
288
179
449
351
354
337
215
292
356
164
295
217
237
301
149
265
116
286
363
163
348
209
404
270
192
362
295
86
124
151
790
55
493
237
148
332
220
291
289
291
160
213
193
249
222
375
251
350
50
401
209
223
402
306
188
403
153
79
370
137
293
127
360
390
265
415
169
360
290
169
339
357
180
132
433
304
262
447
140
241
252
336
173
186
343
539
197
261
393
173
344
286
316
162
212
310
181
305
273
294
383
390
287
136
366
230
340
150
160
402
129
359
223
174
505
423
268
334
246
384
189
206
264
233
275
406
89
258
341
314
202
454
183
231
322
224
299
144
406
296
400
330
154
321
195
188
386
356
250
119
259
387
218
214
338
231
460
191
349
96
440
151
465
196
226
360
225
283
198
263
443
246
425
242
406
191
424
293
393
308
310
265
364
256
371
206
308
199
202
259
438
369
376
272
444
208
334
391
75
453
169
254
346
319
350
221
159
265
329
369
201
272
243
194
293
407
257
453
274
371
225
160
431
311
266
230
352
255
403
104
351
129
257
235
444
384
288
371
160
382
165
80
408
386
257
345
251
324
234
372
203
212
318
139
244
207
270
271
355
263
341
370
201
17
244
394
317
313
257
379
283
239
382
303
153
436
375
178
437
446
155
304
211
240
421
79
357
251
396
381
261
245
282
101
373
156
275
288
226
329
188
219
309
409
118
402
147
330
361
354
103
333
174
173
347
307
430
353
306
334
243
219
367
316
267
399
231
438
94
122
226
268
402
231
264
367
328
205
396
114
382
384
307
130
378
117
375
226
295
321
156
205
353
392
220
265
305
175
492
97
530
312
309
412
282
343
248
354
365
317
274
249
444
95
424
256
372
247
398
313
361
303
321
234
389
319
361
220
220
15
432
233
153
215
340
402
111
218
490
57
477
546
149
192
382
122
32
202
424
159
187
26
122
167
363
152
472
127
564
186
348
355
207
117
381
10
303
279
191
382
179
289
121
351
259
156
280
107
364
394
221
249
355
307
200
63
306
337
59
134
344
257
387
434
184
271
369
345
25
383
251
248
383
107
392
322
351
258
674
381
169
358
273
218
434
195
206
109
336
313
195
447
141
323
195
260
343
365
134
474
242
468
143
230
313
96
389
142
357
325
349
418
131
209
346
383
347
243
199
173
359
580
192
285
349
472
181
250
321
384
179
378
254
323
207
297
405
248
155
248
200
302
407
278
216
335
198
382
226
169
416
248
447
358
227
393
199
