(2008, 2, 3, 1)
318.0
327.0
241.0
392.5
392.0
338.0
318.0
327.0
241.0
392.5
392.0
338.0
172.0
223.0
246.0
392.5
392.0
338.0
172.0
223.0
246.0
392.5
392.0
338.0
262.5
309.0
231.5
248.0
287.0
236.5
262.5
309.0
231.5
248.0
287.0
236.5
239.0
247.5
197.5
350.0
337.0
268.0
239.0
247.5
197.5
350.0
337.0
268.0
257.0
212.5
213.5
318.0
327.0
241.0
257.0
212.5
213.5
318.0
327.0
241.0
144.0
224.5
287.0
231.5
241.0
178.0
160.5
174.0
146.5
287.0
350.0
246.0
392.0
248.0
213.5
231.5
268.0
210.5
106.0
197.5
262.5
224.5
337.0
178.0
309.0
318.0
212.5
184.0
392.5
164.5
257.0
213.5
239.0
203.0
247.5
172.0
210.5
287.0
262.5
241.0
174.0
156.0
145.0
144.0
160.5
248.0
184.0
309.0
236.5
154.5
392.5
223.0
246.0
257.0
212.5
392.0
231.5
224.5
230.5
203.0
146.5
338.0
164.5
337.0
205.0
268.0
172.0
210.5
230.5
197.5
239.0
337.0
197.5
318.0
350.0
327.0
178.0
106.0
213.5
287.0
203.0
145.0
154.5
184.0
156.0
231.5
248.0
174.0
239.0
246.0
247.5
223.0
146.5
178.0
144.0
197.5
236.5
327.0
212.5
257.0
210.5
224.5
268.0
172.0
350.0
318.0
337.0
262.5
338.0
160.5
392.5
392.0
241.0
205.0
230.5
164.5
327.0
203.0
309.0
106.0
231.5
197.5
236.5
184.0
212.5
174.0
205.0
178.0
392.5
239.0
156.0
247.5
392.5
268.0
246.0
327.0
205.0
184.0
145.0
224.5
392.0
144.0
268.0
154.5
164.5
262.5
223.0
213.5
338.0
210.5
257.0
172.0
106.0
160.5
337.0
287.0
230.5
350.0
241.0
246.0
146.5
248.0
309.0
247.5
338.0
236.5
318.0
156.0
231.5
327.0
154.5
197.5
172.0
160.5
178.0
257.0
164.5
184.0
230.5
146.5
337.0
203.0
392.0
241.0
246.0
318.0
262.5
248.0
268.0
212.5
392.5
287.0
205.0
144.0
106.0
213.5
145.0
174.0
203.0
156.0
212.5
223.0
145.0
338.0
223.0
239.0
210.5
350.0
309.0
224.5
184.0
231.5
160.5
338.0
154.5
262.5
146.5
172.0
327.0
248.0
203.0
145.0
174.0
178.0
392.0
164.5
247.5
212.5
350.0
257.0
156.0
268.0
213.5
197.5
287.0
205.0
318.0
223.0
144.0
236.5
106.0
241.0
224.5
392.5
309.0
239.0
210.5
337.0
145.0
246.0
230.5
231.5
247.5
248.0
197.5
262.5
205.0
203.0
338.0
174.0
172.0
309.0
287.0
257.0
247.5
318.0
174.0
154.5
146.5
213.5
268.0
164.5
241.0
154.5
106.0
223.0
146.5
212.5
337.0
160.5
236.5
239.0
327.0
210.5
350.0
392.5
144.0
230.5
246.0
184.0
178.0
318.0
213.5
224.5
156.0
309.0
154.5
392.0
146.5
287.0
205.0
212.5
230.5
262.5
350.0
231.5
338.0
106.0
184.0
210.5
247.5
246.0
318.0
203.0
160.5
248.0
223.0
174.0
213.5
236.5
337.0
392.5
392.0
327.0
164.5
224.5
239.0
197.5
145.0
257.0
160.5
248.0
350.0
236.5
106.0
164.5
172.0
241.0
144.0
178.0
156.0
268.0
106.0
231.5
213.5
205.0
236.5
146.5
145.0
246.0
309.0
212.5
197.5
223.0
350.0
184.0
144.0
241.0
257.0
338.0
174.0
224.5
268.0
230.5
160.5
247.5
392.5
203.0
210.5
287.0
172.0
178.0
156.0
327.0
337.0
154.5
164.5
248.0
239.0
262.5
241.0
318.0
392.0
257.0
246.0
213.5
205.0
224.5
212.5
172.0
203.0
178.0
154.5
309.0
268.0
236.5
392.0
223.0
309.0
327.0
262.5
257.0
164.5
231.5
145.0
350.0
392.5
247.5
174.0
197.5
327.0
239.0
392.0
338.0
146.5
106.0
318.0
210.5
160.5
156.0
287.0
223.0
184.0
337.0
230.5
248.0
262.5
246.0
236.5
144.0
164.5
203.0
172.0
154.5
392.0
106.0
350.0
212.5
248.0
257.0
205.0
178.0
210.5
309.0
224.5
184.0
262.5
156.0
146.5
145.0
337.0
392.5
223.0
144.0
174.0
231.5
268.0
287.0
247.5
239.0
327.0
318.0
154.5
239.0
230.5
156.0
338.0
144.0
230.5
338.0
197.5
241.0
160.5
213.5
247.5
236.5
241.0
172.0
145.0
205.0
248.0
287.0
236.5
392.5
392.0
338.0
248.0
287.0
236.5
392.5
392.0
338.0
318.0
327.0
241.0
350.0
337.0
268.0
318.0
327.0
241.0
350.0
337.0
268.0
318.0
327.0
241.0
350.0
337.0
268.0
306.0
367.0
295.0
370.0
382.5
295.0
306.0
367.0
295.0
370.0
382.5
262.0
252.0
249.0
269.5
370.0
382.5
295.0
252.0
249.0
269.5
370.0
382.5
295.0
278.5
273.0
294.5
284.5
306.0
285.0
278.5
273.0
294.5
284.5
306.0
285.0
279.0
300.5
273.5
317.5
333.5
305.0
279.0
300.5
273.5
317.5
333.5
305.0
312.0
286.0
300.5
306.0
367.0
295.0
312.0
286.0
300.5
306.0
367.0
295.0
233.0
300.5
312.0
286.0
290.5
236.0
273.0
284.5
312.0
295.0
203.5
269.5
317.5
285.0
286.0
278.5
370.0
295.0
262.0
300.5
367.0
260.0
273.5
312.0
252.0
278.5
249.0
243.0
279.0
269.5
262.0
294.5
271.0
273.0
295.0
286.0
305.0
306.0
236.0
284.5
300.5
367.0
370.0
203.5
306.0
312.0
285.0
290.5
317.5
273.5
236.0
260.0
333.5
295.0
382.5
312.0
295.0
264.0
233.0
252.0
300.5
284.5
273.5
306.0
317.5
203.5
285.0
252.0
273.0
300.5
317.5
382.5
260.0
305.0
312.0
236.0
262.0
233.0
294.5
249.0
269.5
243.0
300.5
370.0
367.0
306.0
285.0
279.0
273.0
333.5
290.5
295.0
264.0
286.0
236.0
271.0
279.0
278.5
300.5
306.0
382.5
262.0
269.5
233.0
306.0
285.0
236.0
203.5
284.5
260.0
243.0
271.0
367.0
333.5
370.0
382.5
312.0
290.5
295.0
305.0
264.0
236.0
278.5
317.5
295.0
294.5
273.5
286.0
252.0
273.0
249.0
300.5
306.0
243.0
312.0
305.0
264.0
271.0
382.5
306.0
271.0
312.0
317.5
269.5
286.0
243.0
262.0
236.0
312.0
203.5
300.5
295.0
300.5
284.5
285.0
305.0
333.5
312.0
294.5
233.0
278.5
306.0
279.0
290.5
370.0
273.5
273.0
264.0
295.0
236.0
252.0
249.0
260.0
367.0
271.0
269.5
284.5
333.5
286.0
300.5
305.0
317.5
243.0
367.0
290.5
273.5
382.5
278.5
203.5
264.0
306.0
260.0
312.0
294.5
295.0
285.0
312.0
236.0
278.5
367.0
295.0
269.5
262.0
370.0
295.0
273.0
233.0
300.5
252.0
306.0
249.0
370.0
236.0
279.0
262.0
285.0
367.0
382.5
243.0
295.0
286.0
284.5
306.0
295.0
333.5
260.0
262.0
273.0
300.5
236.0
236.0
317.5
306.0
264.0
233.0
273.5
300.5
312.0
269.5
278.5
203.5
305.0
294.5
271.0
370.0
252.0
312.0
279.0
295.0
249.0
290.5
233.0
262.0
264.0
284.5
295.0
269.5
300.5
203.5
312.0
273.0
236.0
305.0
278.5
273.5
203.5
295.0
306.0
333.5
249.0
333.5
236.0
370.0
252.0
279.0
317.5
285.0
300.5
260.0
243.0
271.0
290.5
249.0
312.0
286.0
294.5
306.0
367.0
382.5
264.0
285.0
306.0
273.5
262.0
286.0
269.5
260.0
370.0
233.0
305.0
295.0
271.0
300.5
278.5
300.5
243.0
252.0
312.0
312.0
333.5
284.5
317.5
203.5
367.0
279.0
273.0
382.5
294.5
273.5
249.0
306.0
236.0
306.0
295.0
284.5
252.0
290.5
236.0
312.0
262.0
236.0
260.0
290.5
294.5
284.5
279.0
305.0
269.5
273.5
295.0
236.0
279.0
278.5
333.5
285.0
290.5
300.5
382.5
367.0
233.0
317.5
203.5
271.0
249.0
370.0
306.0
273.0
312.0
243.0
236.0
264.0
286.0
300.5
306.0
260.0
294.5
243.0
249.0
236.0
295.0
236.0
382.5
300.5
294.5
264.0
252.0
367.0
305.0
262.0
290.5
317.5
269.5
285.0
306.0
306.0
273.0
278.5
233.0
295.0
284.5
203.5
333.5
300.5
312.0
370.0
286.0
306.0
271.0
312.0
236.0
252.0
382.5
271.0
279.0
260.0
312.0
295.0
273.5
300.5
306.0
279.0
294.5
243.0
233.0
236.0
264.0
333.5
300.5
305.0
249.0
284.5
306.0
285.0
370.0
382.5
295.0
284.5
306.0
285.0
370.0
382.5
295.0
306.0
367.0
295.0
317.5
333.5
305.0
306.0
367.0
295.0
317.5
333.5
305.0
368.5
296.5
290.0
330.5
369.0
367.5
368.5
296.5
290.0
330.5
369.0
367.5
368.5
296.5
290.0
330.5
369.0
367.5
278.0
280.0
272.0
388.0
375.0
339.0
278.0
280.0
272.0
388.0
375.0
339.0
321.0
346.0
324.0
330.5
369.0
367.5
321.0
346.0
324.0
330.5
369.0
367.5
249.0
293.0
277.0
368.5
296.5
290.0
249.0
293.0
277.0
368.5
296.5
290.0
322.0
322.0
280.0
363.0
327.0
262.0
322.0
322.0
280.0
363.0
327.0
262.0
231.0
368.5
232.0
280.0
312.0
280.0
258.0
322.0
293.0
258.0
226.0
306.0
285.0
322.0
280.0
321.0
249.0
312.0
346.0
290.0
277.0
232.0
324.0
241.0
290.0
305.0
241.0
257.0
330.5
236.0
258.0
214.0
231.0
240.0
231.0
250.0
290.0
291.0
262.0
258.0
243.0
305.0
232.0
261.0
231.0
388.0
289.0
293.0
293.0
369.0
193.0
306.0
368.5
322.0
280.0
280.0
249.0
272.0
258.0
339.0
301.0
226.0
321.0
278.0
193.0
280.0
262.0
272.0
324.0
301.0
280.0
258.0
214.0
207.0
327.0
367.5
296.5
363.0
375.0
240.0
305.0
262.0
175.0
322.0
257.0
232.0
249.0
369.0
232.0
322.0
236.0
193.0
261.0
277.0
258.0
231.0
306.0
290.0
312.0
339.0
290.0
301.0
330.5
214.0
258.0
388.0
293.0
305.0
250.0
193.0
241.0
346.0
280.0
324.0
291.0
241.0
175.0
231.0
363.0
249.0
272.0
278.0
327.0
214.0
258.0
285.0
289.0
368.5
231.0
226.0
280.0
207.0
291.0
346.0
388.0
369.0
327.0
322.0
280.0
321.0
296.5
290.0
293.0
367.5
375.0
257.0
324.0
243.0
280.0
232.0
293.0
231.0
258.0
363.0
301.0
322.0
193.0
305.0
232.0
305.0
322.0
327.0
368.5
231.0
280.0
280.0
388.0
258.0
214.0
293.0
278.0
339.0
330.5
262.0
258.0
369.0
296.5
312.0
175.0
289.0
346.0
280.0
375.0
236.0
249.0
290.0
261.0
241.0
207.0
285.0
290.0
321.0
241.0
250.0
226.0
280.0
291.0
214.0
241.0
290.0
375.0
285.0
293.0
289.0
249.0
243.0
240.0
290.0
277.0
193.0
306.0
367.5
305.0
232.0
231.0
272.0
280.0
280.0
280.0
214.0
257.0
369.0
321.0
236.0
388.0
339.0
322.0
363.0
175.0
214.0
258.0
324.0
312.0
368.5
207.0
249.0
278.0
293.0
280.0
346.0
327.0
330.5
290.0
277.0
262.0
226.0
296.5
243.0
293.0
232.0
250.0
272.0
261.0
290.0
249.0
291.0
258.0
306.0
240.0
258.0
301.0
375.0
289.0
367.5
231.0
296.5
278.0
305.0
290.0
243.0
290.0
231.0
285.0
193.0
231.0
193.0
322.0
305.0
293.0
241.0
241.0
231.0
257.0
226.0
232.0
369.0
321.0
249.0
258.0
258.0
305.0
280.0
346.0
290.0
293.0
367.5
312.0
261.0
262.0
280.0
322.0
272.0
290.0
214.0
375.0
277.0
280.0
388.0
240.0
231.0
278.0
241.0
249.0
339.0
243.0
207.0
193.0
368.5
301.0
285.0
193.0
305.0
296.5
232.0
231.0
258.0
291.0
330.5
324.0
175.0
231.0
277.0
249.0
305.0
363.0
241.0
363.0
289.0
280.0
241.0
214.0
290.0
231.0
322.0
306.0
250.0
327.0
236.0
231.0
232.0
280.0
278.0
261.0
375.0
193.0
258.0
257.0
241.0
388.0
262.0
240.0
369.0
339.0
324.0
305.0
305.0
322.0
301.0
312.0
207.0
291.0
214.0
277.0
306.0
236.0
214.0
280.0
289.0
241.0
327.0
293.0
175.0
280.0
243.0
322.0
321.0
280.0
193.0
258.0
258.0
367.5
285.0
330.5
249.0
346.0
368.5
236.0
280.0
232.0
330.5
207.0
240.0
249.0
272.0
296.5
226.0
231.0
231.0
232.0
250.0
290.0
290.0
290.0
363.0
243.0
301.0
369.0
293.0
236.0
231.0
305.0
306.0
207.0
258.0
375.0
388.0
368.5
241.0
257.0
258.0
327.0
261.0
289.0
280.0
330.5
322.0
193.0
272.0
312.0
249.0
258.0
249.0
305.0
250.0
280.0
363.0
293.0
293.0
240.0
193.0
290.0
280.0
322.0
296.5
175.0
280.0
232.0
339.0
214.0
277.0
285.0
291.0
257.0
339.0
175.0
250.0
193.0
367.5
324.0
367.5
231.0
226.0
278.0
290.0
262.0
231.0
214.0
321.0
232.0
346.0
290.0
272.0
369.0
241.0
240.0
258.0
280.0
261.0
330.5
327.0
249.0
301.0
175.0
293.0
250.0
388.0
232.0
277.0
280.0
305.0
226.0
243.0
241.0
193.0
363.0
262.0
285.0
231.0
306.0
280.0
278.0
289.0
290.0
257.0
293.0
291.0
249.0
324.0
290.0
322.0
322.0
231.0
312.0
236.0
258.0
367.5
232.0
193.0
193.0
214.0
214.0
290.0
249.0
261.0
305.0
214.0
346.0
368.5
290.0
321.0
339.0
375.0
280.0
296.5
241.0
214.0
258.0
277.0
369.0
207.0
231.0
257.0
330.5
369.0
367.5
388.0
375.0
339.0
330.5
369.0
367.5
388.0
375.0
339.0
363.0
327.0
262.0
368.5
296.5
290.0
363.0
327.0
262.0
368.5
296.5
290.0
320.0
351.0
239.5
376.0
392.0
339.5
320.0
351.0
239.5
376.0
392.0
339.5
217.5
238.5
196.0
376.0
392.0
339.5
217.5
238.5
196.0
376.0
392.0
339.5
335.5
268.0
242.5
233.5
317.5
191.0
335.5
268.0
242.5
233.5
317.5
191.0
225.0
275.0
226.5
320.0
351.0
239.5
225.0
275.0
226.5
320.0
351.0
239.5
271.0
283.0
271.0
254.0
292.0
221.0
271.0
283.0
271.0
254.0
292.0
221.0
271.0
283.0
271.0
254.0
292.0
221.0
225.0
317.5
241.0
194.0
171.0
271.0
191.0
335.5
155.5
233.5
317.5
275.0
158.5
241.0
268.0
179.5
194.0
114.5
217.5
196.0
254.0
320.0
271.0
199.0
239.5
225.0
233.5
339.5
242.5
275.0
158.5
155.5
194.0
241.0
207.5
376.0
171.0
217.5
179.5
268.0
292.0
254.0
335.5
199.0
238.5
221.0
226.5
339.5
242.5
239.0
114.5
191.0
196.0
317.5
351.0
271.0
239.5
283.0
320.0
194.0
174.0
238.5
217.5
392.0
271.0
242.5
283.0
376.0
351.0
174.0
199.0
242.5
207.5
292.0
196.0
239.0
376.0
317.5
271.0
191.0
275.0
239.5
241.0
194.0
155.5
114.5
271.0
254.0
242.5
335.5
392.0
158.5
320.0
339.5
171.0
199.0
233.5
268.0
351.0
225.0
283.0
174.0
226.5
194.0
317.5
179.5
221.0
271.0
339.5
254.0
114.5
376.0
271.0
238.5
320.0
242.5
225.0
292.0
191.0
283.0
179.5
199.0
207.5
239.0
392.0
233.5
268.0
239.5
242.5
221.0
158.5
171.0
221.0
392.0
254.0
191.0
194.0
207.5
217.5
351.0
226.5
241.0
155.5
275.0
194.0
174.0
254.0
335.5
196.0
194.0
292.0
171.0
271.0
199.0
233.5
158.5
268.0
155.5
221.0
376.0
217.5
242.5
239.5
114.5
335.5
174.0
241.0
179.5
392.0
226.5
191.0
271.0
351.0
196.0
194.0
207.5
339.5
283.0
275.0
242.5
194.0
320.0
317.5
238.5
225.0
239.0
191.0
233.5
174.0
158.5
226.5
292.0
376.0
335.5
339.5
217.5
207.5
268.0
268.0
275.0
239.0
114.5
158.5
242.5
275.0
271.0
238.5
239.0
239.5
155.5
194.0
392.0
283.0
317.5
242.5
199.0
225.0
242.5
196.0
254.0
171.0
241.0
271.0
114.5
194.0
351.0
221.0
320.0
194.0
376.0
271.0
179.5
339.5
191.0
207.5
239.5
158.5
225.0
217.5
335.5
271.0
268.0
392.0
226.5
238.5
242.5
233.5
221.0
283.0
196.0
239.0
241.0
254.0
199.0
351.0
114.5
317.5
292.0
171.0
155.5
174.0
275.0
179.5
194.0
339.5
292.0
238.5
239.5
226.5
196.0
242.5
191.0
241.0
320.0
239.5
376.0
221.0
194.0
217.5
196.0
114.5
283.0
199.0
292.0
239.0
155.5
179.5
225.0
174.0
275.0
226.5
317.5
339.5
271.0
158.5
335.5
194.0
238.5
392.0
351.0
242.5
207.5
233.5
271.0
268.0
320.0
226.5
171.0
239.0
242.5
254.0
239.5
241.0
221.0
114.5
155.5
339.5
392.0
199.0
194.0
225.0
376.0
268.0
191.0
194.0
242.5
171.0
335.5
233.5
292.0
335.5
179.5
320.0
233.5
271.0
155.5
317.5
271.0
207.5
196.0
174.0
271.0
238.5
254.0
320.0
217.5
283.0
158.5
242.5
179.5
376.0
275.0
351.0
335.5
199.0
241.0
226.5
207.5
225.0
271.0
171.0
239.5
191.0
114.5
174.0
392.0
292.0
275.0
221.0
271.0
254.0
158.5
196.0
339.5
268.0
242.5
351.0
155.5
239.0
283.0
179.5
238.5
194.0
194.0
317.5
242.5
221.0
320.0
217.5
233.5
271.0
174.0
239.5
155.5
376.0
199.0
242.5
239.0
174.0
242.5
194.0
217.5
194.0
196.0
392.0
275.0
158.5
225.0
226.5
233.5
179.5
114.5
191.0
217.5
351.0
242.5
339.5
254.0
239.0
194.0
241.0
320.0
292.0
317.5
238.5
268.0
271.0
283.0
242.5
171.0
335.5
207.5
351.0
225.0
171.0
207.5
238.5
221.0
392.0
292.0
376.0
283.0
271.0
226.5
335.5
268.0
242.5
376.0
392.0
339.5
335.5
268.0
242.5
376.0
392.0
339.5
271.0
283.0
271.0
320.0
351.0
239.5
271.0
283.0
271.0
320.0
351.0
239.5
370.0
367.0
301.0
393.0
440.0
262.0
370.0
367.0
301.0
393.0
440.0
262.0
307.0
252.0
194.0
393.0
440.0
262.0
307.0
252.0
194.0
393.0
440.0
262.0
272.5
290.0
226.0
247.5
246.5
260.0
272.5
290.0
226.0
247.5
246.5
260.0
272.5
290.0
226.0
247.5
246.5
260.0
261.0
270.0
246.0
370.0
367.0
301.0
261.0
270.0
246.0
370.0
367.0
301.0
296.5
301.5
231.5
315.5
313.5
269.0
296.5
301.5
231.5
315.5
313.5
269.0
296.5
301.5
231.5
315.5
313.5
269.0
246.5
177.0
129.0
291.0
296.5
295.0
170.0
262.0
217.0
194.0
261.0
261.0
203.0
246.5
223.0
238.0
238.0
134.0
122.0
226.0
224.0
272.5
185.0
291.0
170.0
108.0
243.0
208.0
203.0
367.0
440.0
150.0
212.0
241.0
301.0
393.0
252.0
253.0
315.5
301.5
261.0
295.0
292.0
219.0
220.0
203.0
269.0
307.0
291.0
260.0
313.5
129.0
217.0
261.0
201.0
296.5
194.0
246.0
370.0
247.5
296.0
290.0
262.0
231.5
170.0
220.0
252.0
272.5
370.0
243.0
150.0
102.0
270.0
203.0
177.0
102.0
240.0
131.0
253.0
301.5
170.0
223.0
301.0
272.5
238.0
315.5
241.0
203.0
292.0
129.0
261.0
134.0
219.0
208.0
226.0
261.0
231.5
185.0
296.0
246.5
194.0
370.0
247.5
224.0
270.0
220.0
367.0
313.5
240.0
243.0
238.0
217.0
220.0
307.0
269.0
203.0
203.0
212.0
262.0
295.0
203.0
440.0
201.0
260.0
122.0
102.0
393.0
291.0
150.0
177.0
290.0
296.5
307.0
246.0
270.0
226.0
260.0
238.0
246.0
291.0
131.0
108.0
252.0
170.0
194.0
301.0
240.0
313.5
243.0
208.0
253.0
134.0
129.0
307.0
370.0
296.0
247.5
295.0
231.5
224.0
238.0
203.0
260.0
261.0
203.0
246.5
220.0
393.0
270.0
223.0
185.0
241.0
252.0
261.0
219.0
440.0
203.0
296.5
315.5
170.0
102.0
220.0
292.0
291.0
367.0
301.5
212.0
272.5
246.0
291.0
238.0
290.0
150.0
226.0
108.0
262.0
122.0
269.0
220.0
134.0
223.0
224.0
108.0
212.0
217.0
177.0
131.0
170.0
201.0
203.0
247.5
307.0
252.0
203.0
231.5
301.0
367.0
296.5
261.0
185.0
240.0
238.0
292.0
295.0
243.0
134.0
270.0
291.0
129.0
102.0
194.0
224.0
393.0
269.0
177.0
296.0
440.0
220.0
108.0
272.5
122.0
170.0
246.0
261.0
220.0
315.5
238.0
208.0
203.0
150.0
201.0
170.0
219.0
241.0
246.5
131.0
262.0
253.0
290.0
370.0
291.0
217.0
223.0
260.0
367.0
203.0
290.0
301.0
203.0
203.0
203.0
212.0
203.0
301.5
313.5
226.0
269.0
367.0
247.5
261.0
177.0
134.0
170.0
240.0
122.0
301.0
224.0
292.0
307.0
208.0
201.0
315.5
270.0
393.0
108.0
241.0
194.0
295.0
272.5
260.0
220.0
203.0
226.0
131.0
291.0
223.0
185.0
203.0
102.0
246.0
203.0
217.0
291.0
296.0
150.0
219.0
313.5
212.0
238.0
220.0
262.0
370.0
301.5
238.0
296.5
261.0
231.5
203.0
243.0
253.0
440.0
238.0
292.0
253.0
185.0
247.5
170.0
129.0
252.0
290.0
246.5
440.0
170.0
203.0
269.0
272.5
247.5
220.0
261.0
313.5
185.0
295.0
131.0
307.0
226.0
291.0
315.5
238.0
194.0
367.0
393.0
261.0
108.0
203.0
203.0
370.0
240.0
231.5
220.0
223.0
129.0
150.0
270.0
238.0
217.0
122.0
212.0
253.0
134.0
291.0
241.0
296.5
170.0
301.0
208.0
246.5
246.0
203.0
102.0
440.0
290.0
301.5
243.0
201.0
219.0
224.0
241.0
220.0
291.0
203.0
122.0
208.0
296.0
292.0
260.0
262.0
252.0
177.0
261.0
150.0
203.0
220.0
129.0
270.0
370.0
295.0
240.0
226.0
170.0
170.0
131.0
203.0
194.0
220.0
307.0
291.0
185.0
269.0
208.0
313.5
253.0
290.0
261.0
212.0
201.0
367.0
292.0
246.5
203.0
224.0
296.5
260.0
238.0
252.0
315.5
217.0
272.5
262.0
134.0
203.0
301.5
231.5
177.0
440.0
241.0
246.0
291.0
238.0
301.0
108.0
102.0
219.0
201.0
393.0
313.5
231.5
219.0
170.0
223.0
393.0
122.0
243.0
296.0
247.5
295.0
253.0
226.0
220.0
201.0
220.0
150.0
290.0
224.0
315.5
307.0
246.5
272.5
208.0
231.5
292.0
217.0
296.5
291.0
261.0
291.0
240.0
440.0
203.0
129.0
247.5
219.0
203.0
270.0
108.0
313.5
223.0
262.0
102.0
246.0
367.0
370.0
301.0
122.0
261.0
131.0
238.0
203.0
194.0
252.0
177.0
170.0
212.0
243.0
269.0
238.0
296.0
203.0
241.0
240.0
315.5
301.5
269.0
131.0
296.0
393.0
260.0
301.5
134.0
170.0
185.0
272.5
290.0
226.0
393.0
440.0
262.0
272.5
290.0
226.0
393.0
440.0
262.0
315.5
313.5
269.0
370.0
367.0
301.0
315.5
313.5
269.0
370.0
367.0
301.0
322.0
319.0
281.0
370.0
393.0
314.0
322.0
319.0
281.0
370.0
393.0
314.0
265.0
265.0
232.0
370.0
393.0
314.0
265.0
265.0
232.0
370.0
393.0
314.0
338.0
336.0
241.0
298.0
305.0
242.0
338.0
336.0
241.0
298.0
305.0
242.0
272.0
303.0
223.0
360.0
372.0
294.0
272.0
303.0
223.0
360.0
372.0
294.0
278.0
263.0
259.0
322.0
319.0
281.0
278.0
263.0
259.0
322.0
319.0
281.0
265.0
372.0
272.0
294.0
336.0
370.0
322.0
251.0
278.0
221.0
241.0
336.0
217.0
294.0
263.0
226.0
189.0
250.0
272.0
257.0
223.0
208.0
193.0
242.0
393.0
291.0
206.0
370.0
251.0
205.0
170.0
198.0
251.0
319.0
303.0
314.0
259.0
248.0
198.0
265.0
298.0
217.0
265.0
208.0
338.0
281.0
221.0
168.0
232.0
120.0
360.0
305.0
192.0
372.0
228.0
206.0
294.0
242.0
278.0
314.0
265.0
208.0
189.0
319.0
291.0
198.0
263.0
241.0
250.0
305.0
242.0
232.0
251.0
221.0
257.0
168.0
223.0
217.0
248.0
226.0
298.0
232.0
322.0
372.0
198.0
221.0
303.0
242.0
205.0
242.0
251.0
265.0
251.0
263.0
305.0
360.0
217.0
228.0
281.0
193.0
393.0
250.0
205.0
192.0
259.0
208.0
263.0
272.0
170.0
241.0
370.0
120.0
336.0
338.0
303.0
265.0
322.0
232.0
251.0
208.0
294.0
372.0
298.0
257.0
263.0
393.0
281.0
208.0
189.0
221.0
314.0
223.0
221.0
205.0
193.0
189.0
322.0
198.0
120.0
272.0
205.0
338.0
226.0
217.0
192.0
319.0
251.0
241.0
221.0
206.0
242.0
198.0
217.0
360.0
278.0
370.0
193.0
263.0
259.0
198.0
170.0
265.0
228.0
242.0
291.0
168.0
248.0
251.0
250.0
305.0
223.0
205.0
336.0
393.0
189.0
338.0
241.0
360.0
217.0
251.0
226.0
257.0
314.0
370.0
265.0
192.0
272.0
232.0
248.0
265.0
221.0
221.0
336.0
303.0
242.0
298.0
259.0
206.0
221.0
228.0
360.0
170.0
298.0
291.0
193.0
170.0
208.0
208.0
251.0
305.0
250.0
319.0
322.0
278.0
168.0
205.0
281.0
291.0
263.0
294.0
120.0
263.0
372.0
228.0
251.0
198.0
217.0
198.0
205.0
360.0
241.0
242.0
272.0
193.0
298.0
393.0
221.0
208.0
168.0
192.0
221.0
170.0
305.0
206.0
242.0
281.0
257.0
250.0
291.0
208.0
251.0
322.0
314.0
217.0
232.0
372.0
319.0
263.0
223.0
198.0
251.0
338.0
294.0
303.0
251.0
198.0
278.0
251.0
257.0
281.0
217.0
205.0
242.0
336.0
265.0
265.0
259.0
263.0
226.0
198.0
251.0
228.0
370.0
248.0
120.0
278.0
189.0
205.0
319.0
206.0
168.0
198.0
360.0
294.0
205.0
208.0
336.0
251.0
281.0
232.0
217.0
217.0
263.0
322.0
221.0
170.0
303.0
370.0
193.0
192.0
250.0
248.0
242.0
372.0
241.0
228.0
208.0
265.0
278.0
265.0
226.0
291.0
223.0
205.0
263.0
298.0
198.0
251.0
272.0
251.0
393.0
217.0
319.0
248.0
263.0
303.0
259.0
338.0
242.0
189.0
305.0
257.0
221.0
314.0
208.0
120.0
393.0
198.0
336.0
360.0
319.0
226.0
193.0
221.0
281.0
198.0
294.0
217.0
241.0
248.0
372.0
242.0
223.0
250.0
259.0
170.0
305.0
298.0
168.0
314.0
205.0
189.0
208.0
370.0
221.0
263.0
263.0
228.0
251.0
206.0
205.0
257.0
232.0
217.0
322.0
242.0
251.0
192.0
120.0
265.0
338.0
278.0
272.0
393.0
251.0
265.0
208.0
226.0
208.0
206.0
242.0
217.0
291.0
205.0
221.0
303.0
217.0
372.0
248.0
189.0
336.0
263.0
198.0
208.0
263.0
370.0
242.0
223.0
322.0
298.0
205.0
232.0
170.0
251.0
294.0
251.0
217.0
193.0
192.0
291.0
259.0
278.0
360.0
314.0
265.0
241.0
208.0
257.0
393.0
251.0
338.0
242.0
319.0
226.0
303.0
281.0
305.0
272.0
168.0
228.0
198.0
265.0
120.0
206.0
250.0
221.0
168.0
251.0
120.0
265.0
223.0
259.0
314.0
192.0
263.0
205.0
338.0
205.0
338.0
336.0
241.0
370.0
393.0
314.0
338.0
336.0
241.0
370.0
393.0
314.0
322.0
319.0
281.0
360.0
372.0
294.0
322.0
319.0
281.0
360.0
372.0
294.0
320.5
259.0
237.5
315.0
306.0
229.0
320.5
259.0
237.5
315.0
306.0
229.0
320.5
259.0
237.5
315.0
306.0
229.0
320.5
259.0
237.5
315.0
306.0
229.0
94.0
226.0
260.5
315.0
306.0
229.0
94.0
226.0
260.5
315.0
306.0
229.0
94.0
226.0
260.5
315.0
306.0
229.0
163.0
143.5
145.0
249.0
250.0
279.5
163.0
143.5
145.0
249.0
250.0
279.5
163.0
143.5
145.0
249.0
250.0
279.5
272.5
194.0
321.0
306.0
250.0
189.0
272.5
194.0
321.0
306.0
250.0
189.0
218.0
242.0
323.5
320.5
259.0
237.5
218.0
242.0
323.5
320.5
259.0
237.5
218.0
242.0
323.5
320.5
259.0
237.5
260.5
306.0
242.0
249.0
143.5
145.0
189.0
163.0
248.0
272.5
249.0
306.0
321.0
315.0
260.5
320.5
306.0
250.0
194.0
145.0
250.0
94.0
279.5
226.0
242.0
320.5
321.0
237.5
218.0
323.5
229.0
94.0
272.5
306.0
250.0
237.5
259.0
248.0
279.5
315.0
189.0
218.0
226.0
194.0
163.0
323.5
320.5
321.0
250.0
229.0
259.0
248.0
242.0
250.0
323.5
260.5
94.0
279.5
321.0
189.0
163.0
237.5
249.0
143.5
226.0
315.0
250.0
306.0
218.0
306.0
272.5
194.0
320.5
259.0
143.5
145.0
323.5
229.0
163.0
143.5
145.0
315.0
306.0
229.0
163.0
143.5
145.0
315.0
306.0
229.0
320.5
259.0
237.5
306.0
250.0
189.0
320.5
259.0
237.5
306.0
250.0
189.0
272.5
256.5
183.5
347.0
367.0
319.0
272.5
256.5
183.5
347.0
367.0
319.0
224.0
239.0
190.0
347.0
367.0
319.0
224.0
239.0
190.0
347.0
367.0
319.0
204.0
230.0
229.0
259.0
243.0
206.0
204.0
230.0
229.0
259.0
243.0
198.5
201.0
196.0
225.0
237.0
249.0
239.0
201.0
196.0
225.0
237.0
249.0
239.0
272.5
256.5
183.5
267.5
316.0
278.5
272.5
256.5
183.5
267.5
316.0
278.5
272.5
256.5
183.5
267.5
316.0
278.5
173.0
198.5
181.0
224.0
259.0
272.5
179.0
243.0
272.5
347.0
367.0
225.0
319.0
225.0
173.0
230.0
161.0
181.0
144.0
188.0
278.5
144.0
237.0
141.0
179.0
199.0
101.0
155.0
181.0
183.5
316.0
187.0
256.5
267.5
201.0
206.0
229.0
186.0
189.0
259.0
159.0
190.0
207.0
198.5
129.0
196.0
228.0
204.0
181.0
225.0
101.0
230.0
179.0
188.0
206.0
249.0
316.0
225.0
224.0
199.0
181.0
267.5
144.0
243.0
141.0
278.5
189.0
316.0
230.0
161.0
239.0
141.0
201.0
189.0
272.5
229.0
207.0
319.0
204.0
183.5
159.0
256.5
196.0
155.0
347.0
239.0
187.0
186.0
173.0
228.0
161.0
259.0
239.0
129.0
179.0
190.0
144.0
367.0
237.0
198.5
189.0
151.0
159.0
144.0
199.0
207.0
101.0
272.5
225.0
206.0
183.5
204.0
347.0
189.0
190.0
173.0
249.0
256.5
225.0
267.5
151.0
141.0
316.0
179.0
189.0
179.0
319.0
161.0
144.0
198.5
186.0
259.0
278.5
179.0
159.0
367.0
249.0
225.0
155.0
243.0
224.0
278.5
228.0
201.0
229.0
129.0
239.0
181.0
188.0
367.0
187.0
230.0
239.0
196.0
237.0
181.0
256.5
225.0
151.0
173.0
225.0
179.0
228.0
179.0
206.0
272.5
161.0
189.0
319.0
243.0
129.0
101.0
159.0
316.0
144.0
229.0
196.0
267.5
239.0
230.0
237.0
187.0
198.5
183.5
199.0
188.0
239.0
278.5
367.0
207.0
204.0
201.0
144.0
190.0
186.0
224.0
181.0
189.0
199.0
239.0
196.0
243.0
183.5
228.0
141.0
155.0
181.0
249.0
347.0
259.0
198.5
319.0
179.0
159.0
179.0
239.0
237.0
230.0
243.0
129.0
256.5
206.0
161.0
204.0
225.0
199.0
201.0
189.0
189.0
188.0
259.0
272.5
278.5
267.5
183.5
181.0
249.0
144.0
144.0
228.0
316.0
181.0
229.0
173.0
367.0
155.0
186.0
141.0
187.0
239.0
207.0
225.0
101.0
151.0
224.0
190.0
196.0
347.0
239.0
256.5
179.0
199.0
259.0
278.5
204.0
186.0
267.5
225.0
144.0
151.0
230.0
173.0
201.0
183.5
189.0
189.0
225.0
229.0
198.5
206.0
144.0
207.0
151.0
181.0
190.0
204.0
243.0
187.0
249.0
155.0
188.0
196.0
316.0
186.0
179.0
237.0
228.0
367.0
267.5
101.0
141.0
347.0
224.0
159.0
129.0
161.0
272.5
319.0
225.0
181.0
239.0
144.0
179.0
201.0
249.0
198.5
190.0
243.0
259.0
196.0
206.0
278.5
101.0
186.0
230.0
199.0
207.0
267.5
347.0
151.0
201.0
179.0
347.0
237.0
188.0
229.0
181.0
189.0
159.0
239.0
225.0
316.0
129.0
141.0
204.0
272.5
173.0
239.0
179.0
224.0
229.0
187.0
144.0
183.5
367.0
161.0
144.0
155.0
319.0
237.0
228.0
189.0
225.0
188.0
256.5
181.0
199.0
272.5
186.0
201.0
181.0
243.0
225.0
249.0
159.0
206.0
187.0
173.0
151.0
278.5
319.0
229.0
183.5
141.0
259.0
179.0
367.0
196.0
230.0
144.0
181.0
228.0
347.0
316.0
204.0
144.0
190.0
207.0
155.0
319.0
206.0
181.0
188.0
207.0
161.0
256.5
224.0
190.0
129.0
237.0
267.5
179.0
189.0
225.0
189.0
155.0
101.0
239.0
198.5
239.0
367.0
206.0
243.0
141.0
144.0
173.0
183.5
316.0
278.5
161.0
190.0
187.0
237.0
272.5
204.0
186.0
224.0
230.0
239.0
101.0
196.0
225.0
225.0
201.0
181.0
181.0
207.0
189.0
198.5
179.0
189.0
129.0
188.0
249.0
319.0
199.0
267.5
228.0
259.0
159.0
151.0
155.0
189.0
144.0
256.5
101.0
187.0
129.0
144.0
256.5
239.0
347.0
229.0
179.0
190.0
201.0
144.0
225.0
230.0
141.0
186.0
183.5
225.0
316.0
129.0
367.0
243.0
159.0
207.0
259.0
239.0
237.0
347.0
272.5
256.5
187.0
196.0
319.0
101.0
181.0
204.0
249.0
229.0
161.0
188.0
206.0
198.5
151.0
179.0
239.0
173.0
189.0
144.0
228.0
155.0
199.0
224.0
278.5
189.0
181.0
267.5
179.0
239.0
151.0
189.0
224.0
239.0
249.0
204.0
230.0
229.0
347.0
367.0
319.0
204.0
230.0
229.0
347.0
367.0
319.0
272.5
256.5
183.5
237.0
249.0
239.0
272.5
256.5
183.5
237.0
249.0
239.0
349.5
360.0
313.0
371.0
410.0
334.0
349.5
360.0
313.0
371.0
410.0
334.0
241.0
295.0
205.0
371.0
410.0
334.0
241.0
295.0
205.0
371.0
410.0
334.0
324.0
328.0
312.0
328.0
327.0
230.0
324.0
328.0
312.0
328.0
327.0
230.0
259.0
259.0
259.0
349.5
360.0
313.0
259.0
259.0
259.0
349.5
360.0
313.0
305.5
308.0
323.5
326.0
324.0
302.0
305.5
308.0
323.5
326.0
324.0
302.0
305.5
308.0
323.5
326.0
324.0
302.0
324.0
206.0
371.0
305.5
218.0
323.5
334.0
259.0
326.0
312.0
260.0
244.5
259.0
328.0
228.5
295.0
241.0
324.0
244.0
275.0
360.0
349.5
198.0
218.0
327.0
308.0
229.0
259.0
410.0
173.0
294.0
371.0
218.0
260.0
194.0
324.0
313.0
250.0
277.0
246.0
305.5
206.0
260.0
240.0
205.0
230.0
302.0
250.0
259.0
324.0
183.0
244.5
259.0
194.0
228.5
313.0
206.0
328.0
294.0
244.0
285.0
305.5
302.0
246.0
360.0
323.5
360.0
277.0
260.0
260.0
241.0
308.0
327.0
277.0
208.0
295.0
275.0
334.0
218.0
241.0
312.0
371.0
198.0
308.0
240.0
410.0
218.0
260.0
349.5
328.0
241.0
205.0
173.0
250.0
324.0
259.0
326.0
250.0
194.0
206.0
323.5
229.0
360.0
324.0
328.0
218.0
208.0
334.0
275.0
173.0
218.0
410.0
313.0
305.5
328.0
230.0
327.0
244.0
312.0
246.0
324.0
260.0
250.0
285.0
294.0
250.0
228.5
229.0
349.5
205.0
198.0
259.0
241.0
250.0
250.0
194.0
208.0
275.0
241.0
259.0
241.0
240.0
302.0
326.0
295.0
260.0
308.0
259.0
244.5
183.0
277.0
228.5
260.0
371.0
349.5
244.0
360.0
194.0
324.0
328.0
326.0
410.0
334.0
260.0
313.0
198.0
241.0
295.0
323.5
312.0
294.0
275.0
259.0
277.0
173.0
246.0
218.0
285.0
205.0
241.0
328.0
250.0
305.5
244.5
229.0
230.0
371.0
259.0
327.0
324.0
240.0
250.0
208.0
259.0
302.0
308.0
218.0
206.0
324.0
259.0
228.5
173.0
230.0
312.0
259.0
183.0
285.0
250.0
241.0
228.5
260.0
173.0
198.0
277.0
323.5
230.0
218.0
328.0
244.5
410.0
194.0
327.0
229.0
218.0
295.0
302.0
328.0
260.0
294.0
206.0
240.0
259.0
360.0
205.0
349.5
208.0
312.0
313.0
324.0
246.0
183.0
308.0
275.0
324.0
326.0
371.0
241.0
305.5
244.0
250.0
334.0
259.0
194.0
313.0
229.0
259.0
277.0
240.0
246.0
371.0
295.0
360.0
241.0
410.0
410.0
285.0
229.0
183.0
244.0
334.0
250.0
230.0
259.0
241.0
218.0
275.0
302.0
218.0
323.5
228.5
244.5
334.0
205.0
328.0
305.5
312.0
308.0
324.0
250.0
244.0
260.0
328.0
326.0
324.0
198.0
294.0
208.0
260.0
173.0
259.0
183.0
206.0
302.0
327.0
349.5
285.0
218.0
295.0
324.0
326.0
229.0
277.0
312.0
371.0
260.0
246.0
259.0
250.0
305.5
275.0
244.5
206.0
244.0
259.0
241.0
194.0
294.0
230.0
308.0
228.5
244.5
302.0
205.0
294.0
328.0
313.0
313.0
327.0
198.0
328.0
324.0
285.0
323.5
410.0
349.5
208.0
241.0
259.0
334.0
240.0
328.0
218.0
205.0
183.0
259.0
260.0
360.0
173.0
250.0
313.0
308.0
259.0
328.0
218.0
250.0
302.0
324.0
324.0
241.0
244.5
349.5
241.0
240.0
183.0
323.5
305.5
294.0
260.0
246.0
327.0
205.0
277.0
218.0
194.0
244.0
326.0
285.0
371.0
208.0
173.0
229.0
334.0
360.0
228.5
260.0
275.0
326.0
246.0
198.0
259.0
327.0
240.0
312.0
250.0
410.0
206.0
295.0
230.0
198.0
259.0
328.0
328.0
259.0
371.0
228.5
205.0
208.0
305.5
260.0
327.0
349.5
206.0
326.0
294.0
334.0
230.0
173.0
285.0
244.5
194.0
312.0
240.0
241.0
259.0
277.0
313.0
360.0
183.0
275.0
323.5
260.0
308.0
246.0
328.0
244.0
218.0
218.0
241.0
250.0
259.0
295.0
302.0
410.0
250.0
198.0
324.0
324.0
334.0
308.0
229.0
240.0
246.0
349.5
295.0
259.0
218.0
285.0
328.0
230.0
275.0
259.0
285.0
371.0
259.0
326.0
218.0
313.0
410.0
228.5
294.0
208.0
244.5
241.0
229.0
312.0
198.0
194.0
173.0
305.5
302.0
328.0
349.5
205.0
324.0
259.0
277.0
295.0
183.0
323.5
244.0
250.0
327.0
360.0
218.0
324.0
241.0
328.0
260.0
260.0
206.0
183.0
228.5
246.0
250.0
244.5
294.0
230.0
183.0
241.0
323.5
328.0
208.0
324.0
328.0
312.0
371.0
410.0
334.0
324.0
328.0
312.0
371.0
410.0
334.0
326.0
324.0
302.0
349.5
360.0
313.0
326.0
324.0
302.0
349.5
360.0
313.0
326.0
324.0
302.0
349.5
360.0
313.0
401.5
350.5
269.0
371.0
373.0
366.0
401.5
350.5
269.0
371.0
373.0
366.0
401.5
350.5
269.0
371.0
373.0
366.0
276.5
353.5
363.5
371.0
373.0
366.0
276.5
353.5
363.5
371.0
373.0
366.0
276.5
353.5
363.5
371.0
373.0
366.0
296.5
304.5
230.0
284.5
317.0
320.0
296.5
304.5
230.0
284.5
317.0
320.0
296.5
304.5
230.0
284.5
317.0
320.0
266.0
292.0
266.0
401.5
350.5
269.0
266.0
292.0
266.0
401.5
350.5
269.0
297.0
325.0
291.0
293.0
304.5
300.0
297.0
325.0
291.0
293.0
304.5
300.0
259.0
276.0
214.0
256.0
284.5
284.0
284.0
269.0
313.0
323.0
304.5
325.0
266.0
233.0
229.0
276.0
290.0
350.5
401.5
320.0
257.0
259.0
216.0
230.0
249.0
249.0
291.0
249.0
284.5
240.0
304.5
317.0
284.0
168.0
265.0
276.5
292.0
223.0
266.0
256.0
265.0
279.0
371.0
214.0
293.0
226.0
256.0
373.0
249.0
353.5
366.0
297.0
216.0
258.0
296.5
363.5
308.0
260.0
325.0
230.0
266.0
276.5
215.0
401.5
323.0
300.0
233.0
223.0
258.0
284.0
216.0
269.0
265.0
230.0
284.0
304.5
276.0
265.0
284.0
256.0
240.0
317.0
371.0
350.5
297.0
249.0
249.0
223.0
259.0
226.0
290.0
304.5
373.0
284.5
260.0
353.5
230.0
269.0
214.0
249.0
300.0
292.0
256.0
325.0
216.0
291.0
366.0
279.0
363.5
216.0
257.0
229.0
296.5
215.0
258.0
168.0
266.0
308.0
293.0
249.0
317.0
313.0
233.0
249.0
353.5
320.0
284.0
240.0
265.0
373.0
401.5
297.0
313.0
249.0
229.0
276.5
265.0
293.0
276.0
300.0
230.0
366.0
249.0
284.0
371.0
259.0
290.0
325.0
276.5
249.0
296.5
226.0
279.0
269.0
258.0
229.0
214.0
304.5
266.0
313.0
257.0
266.0
260.0
350.5
292.0
168.0
216.0
291.0
216.0
323.0
223.0
230.0
308.0
284.5
293.0
233.0
265.0
249.0
215.0
304.5
256.0
256.0
276.5
284.0
320.0
363.5
279.0
300.0
259.0
296.5
317.0
353.5
230.0
297.0
269.0
168.0
229.0
249.0
323.0
279.0
320.0
290.0
240.0
216.0
292.0
284.5
371.0
366.0
258.0
401.5
308.0
373.0
325.0
216.0
284.0
265.0
266.0
363.5
215.0
223.0
240.0
276.0
249.0
226.0
323.0
233.0
291.0
304.5
260.0
293.0
266.0
257.0
256.0
230.0
265.0
256.0
313.0
216.0
249.0
290.0
350.5
320.0
258.0
304.5
214.0
249.0
240.0
366.0
269.0
276.5
284.0
259.0
229.0
291.0
323.0
265.0
371.0
300.0
284.5
284.0
296.5
266.0
230.0
297.0
291.0
350.5
304.5
257.0
308.0
297.0
401.5
304.5
256.0
249.0
290.0
308.0
257.0
249.0
276.0
320.0
373.0
249.0
292.0
304.5
216.0
363.5
266.0
249.0
279.0
215.0
260.0
313.0
226.0
350.5
325.0
233.0
353.5
214.0
168.0
265.0
216.0
230.0
223.0
256.0
317.0
293.0
258.0
259.0
256.0
323.0
304.5
373.0
304.5
249.0
249.0
276.5
266.0
216.0
350.5
296.5
230.0
265.0
366.0
313.0
353.5
257.0
168.0
249.0
284.0
276.0
230.0
266.0
230.0
353.5
249.0
371.0
216.0
260.0
256.0
269.0
265.0
233.0
284.5
297.0
215.0
266.0
279.0
371.0
320.0
325.0
249.0
300.0
229.0
223.0
291.0
401.5
290.0
214.0
284.0
363.5
240.0
308.0
317.0
226.0
293.0
292.0
373.0
313.0
256.0
230.0
249.0
168.0
249.0
216.0
216.0
371.0
266.0
284.0
300.0
297.0
260.0
276.0
258.0
256.0
353.5
276.5
401.5
223.0
291.0
296.5
265.0
284.0
308.0
259.0
266.0
320.0
266.0
401.5
249.0
317.0
260.0
265.0
279.0
230.0
240.0
304.5
257.0
304.5
229.0
366.0
249.0
317.0
215.0
214.0
269.0
265.0
226.0
290.0
230.0
284.5
293.0
249.0
323.0
325.0
350.5
363.5
373.0
292.0
259.0
233.0
266.0
300.0
256.0
168.0
296.5
240.0
249.0
266.0
366.0
371.0
260.0
320.0
223.0
304.5
215.0
290.0
284.0
258.0
230.0
291.0
265.0
257.0
284.5
363.5
249.0
317.0
216.0
229.0
293.0
284.0
353.5
323.0
304.5
296.5
249.0
215.0
292.0
256.0
216.0
276.0
226.0
304.5
313.0
401.5
297.0
265.0
325.0
249.0
256.0
292.0
308.0
279.0
276.5
230.0
214.0
233.0
249.0
284.0
317.0
350.5
269.0
304.5
226.0
363.5
168.0
300.0
373.0
366.0
284.5
317.0
320.0
371.0
373.0
366.0
284.5
317.0
320.0
371.0
373.0
366.0
293.0
304.5
300.0
401.5
350.5
269.0
293.0
304.5
300.0
401.5
350.5
269.0
343.5
321.0
328.5
355.0
380.0
364.0
343.5
321.0
328.5
355.0
380.0
364.0
343.5
321.0
328.5
355.0
380.0
364.0
277.0
292.0
292.0
389.0
386.0
319.0
277.0
292.0
292.0
389.0
386.0
319.0
355.0
380.0
329.0
271.5
313.0
278.0
355.0
380.0
329.0
271.5
313.0
278.0
355.0
380.0
364.0
271.5
313.0
278.0
251.0
254.0
265.0
336.0
364.0
237.0
251.0
254.0
265.0
336.0
364.0
237.0
296.0
289.0
327.0
343.5
321.0
328.5
296.0
289.0
327.0
343.5
321.0
328.5
297.0
329.0
327.0
254.0
143.0
265.0
257.0
252.0
225.0
242.0
211.0
279.0
244.0
241.0
253.0
237.0
265.0
195.0
223.0
289.0
380.0
171.0
230.0
175.0
292.0
269.0
355.0
156.0
194.0
143.0
364.0
321.0
199.0
265.0
297.0
267.0
254.0
278.0
251.0
389.0
211.0
265.0
145.0
242.0
257.0
191.0
241.0
211.0
292.0
226.0
336.0
231.0
279.0
244.0
277.0
225.0
319.0
328.5
257.0
242.0
278.0
280.0
242.0
166.0
237.0
329.0
267.0
184.0
278.0
292.0
364.0
191.0
252.0
184.0
267.0
313.0
265.0
327.0
343.5
364.0
271.5
231.0
296.0
196.0
267.0
292.0
289.0
364.0
386.0
195.0
297.0
194.0
292.0
211.0
328.5
211.0
319.0
380.0
191.0
251.0
265.0
199.0
336.0
254.0
280.0
252.0
253.0
321.0
278.0
156.0
226.0
257.0
343.5
175.0
242.0
265.0
265.0
327.0
364.0
145.0
143.0
223.0
277.0
231.0
271.5
237.0
242.0
231.0
296.0
184.0
241.0
386.0
231.0
175.0
267.0
242.0
269.0
251.0
267.0
269.0
244.0
389.0
267.0
166.0
278.0
196.0
171.0
279.0
225.0
267.0
230.0
313.0
242.0
329.0
257.0
355.0
211.0
278.0
143.0
226.0
253.0
380.0
265.0
297.0
231.0
231.0
292.0
319.0
191.0
244.0
343.5
328.5
289.0
254.0
194.0
242.0
321.0
195.0
223.0
279.0
225.0
267.0
145.0
267.0
280.0
296.0
211.0
175.0
257.0
327.0
199.0
355.0
230.0
166.0
184.0
242.0
251.0
271.5
171.0
296.0
389.0
319.0
230.0
253.0
313.0
389.0
386.0
277.0
265.0
336.0
156.0
171.0
252.0
364.0
267.0
329.0
269.0
196.0
292.0
241.0
278.0
242.0
265.0
364.0
289.0
257.0
237.0
194.0
267.0
211.0
230.0
143.0
343.5
265.0
296.0
319.0
211.0
242.0
336.0
292.0
145.0
171.0
364.0
231.0
271.5
254.0
225.0
327.0
223.0
226.0
166.0
269.0
251.0
279.0
280.0
355.0
244.0
265.0
328.5
265.0
195.0
313.0
231.0
278.0
226.0
313.0
145.0
289.0
278.0
156.0
199.0
277.0
241.0
278.0
252.0
364.0
196.0
329.0
156.0
242.0
380.0
389.0
386.0
242.0
191.0
175.0
267.0
321.0
257.0
253.0
257.0
292.0
184.0
267.0
297.0
171.0
242.0
237.0
226.0
251.0
319.0
280.0
269.0
364.0
364.0
313.0
278.0
336.0
327.0
211.0
242.0
292.0
267.0
277.0
231.0
289.0
278.0
230.0
386.0
355.0
257.0
253.0
223.0
196.0
195.0
191.0
166.0
252.0
296.0
297.0
267.0
195.0
257.0
343.5
265.0
223.0
237.0
145.0
244.0
211.0
321.0
380.0
265.0
292.0
143.0
175.0
225.0
254.0
265.0
271.5
156.0
265.0
257.0
267.0
194.0
231.0
199.0
242.0
389.0
184.0
343.5
328.5
329.0
241.0
279.0
267.0
195.0
251.0
253.0
277.0
145.0
278.0
166.0
143.0
211.0
364.0
242.0
267.0
254.0
292.0
226.0
280.0
196.0
257.0
244.0
313.0
175.0
171.0
211.0
194.0
265.0
319.0
328.5
156.0
237.0
184.0
380.0
386.0
231.0
194.0
242.0
280.0
241.0
364.0
223.0
389.0
278.0
225.0
321.0
329.0
296.0
199.0
257.0
265.0
279.0
252.0
230.0
269.0
265.0
386.0
336.0
242.0
271.5
380.0
297.0
343.5
327.0
267.0
242.0
292.0
289.0
231.0
355.0
267.0
237.0
191.0
231.0
278.0
184.0
175.0
196.0
329.0
195.0
277.0
279.0
254.0
211.0
296.0
156.0
166.0
257.0
199.0
278.0
269.0
336.0
171.0
143.0
327.0
389.0
280.0
257.0
328.5
321.0
292.0
211.0
271.5
355.0
277.0
267.0
267.0
265.0
271.5
226.0
194.0
242.0
242.0
242.0
244.0
364.0
265.0
265.0
380.0
241.0
289.0
355.0
297.0
386.0
343.5
252.0
145.0
319.0
292.0
364.0
231.0
225.0
321.0
191.0
230.0
211.0
251.0
267.0
223.0
231.0
313.0
292.0
267.0
328.5
253.0
242.0
269.0
380.0
327.0
194.0
296.0
277.0
364.0
257.0
389.0
279.0
175.0
145.0
297.0
292.0
265.0
242.0
280.0
191.0
171.0
196.0
166.0
364.0
199.0
328.5
336.0
355.0
195.0
226.0
267.0
242.0
319.0
184.0
254.0
364.0
223.0
267.0
211.0
166.0
231.0
265.0
265.0
257.0
292.0
230.0
156.0
231.0
336.0
211.0
241.0
253.0
343.5
237.0
225.0
199.0
313.0
196.0
321.0
289.0
251.0
143.0
252.0
271.5
244.0
278.0
329.0
386.0
278.0
355.0
380.0
364.0
389.0
386.0
319.0
355.0
380.0
364.0
389.0
386.0
319.0
343.5
321.0
328.5
336.0
364.0
237.0
343.5
321.0
328.5
336.0
364.0
237.0
395.5
375.5
306.0
351.0
358.0
272.5
395.5
375.5
306.0
351.0
358.0
272.5
273.0
278.5
253.5
351.0
358.0
272.5
273.0
278.5
253.5
351.0
358.0
272.5
283.0
319.0
265.0
316.0
316.0
266.0
283.0
319.0
265.0
316.0
316.0
266.0
283.0
319.0
265.0
316.0
316.0
266.0
214.5
257.0
242.5
395.5
375.5
306.0
214.5
257.0
242.5
395.5
375.5
306.0
297.5
299.5
280.5
314.5
332.0
242.5
297.5
299.5
280.5
314.5
332.0
242.5
266.0
225.0
319.0
242.5
395.5
273.0
375.5
242.5
268.0
214.5
252.5
219.0
319.0
251.0
255.0
332.0
280.5
272.5
228.0
278.5
242.5
253.5
306.0
316.0
395.5
299.5
257.0
273.0
265.0
262.0
252.5
280.5
319.0
266.0
255.0
314.5
219.0
268.0
228.0
248.0
225.0
316.0
375.5
242.5
246.5
283.0
265.0
351.0
269.5
299.5
332.0
214.5
266.0
253.5
240.0
272.5
273.0
297.5
306.0
266.0
257.0
316.0
358.0
242.5
278.5
251.0
299.5
280.5
283.0
358.0
269.5
375.5
228.0
332.0
266.0
269.5
252.5
242.5
316.0
280.5
268.0
266.0
351.0
266.0
272.5
251.0
246.5
255.0
299.5
225.0
248.0
306.0
214.5
283.0
262.0
316.0
278.5
297.5
257.0
242.5
219.0
314.5
253.5
319.0
273.0
240.0
358.0
265.0
306.0
283.0
375.5
268.0
395.5
266.0
278.5
272.5
219.0
332.0
242.5
262.0
299.5
253.5
351.0
248.0
257.0
319.0
266.0
242.5
280.5
214.5
240.0
316.0
246.5
257.0
316.0
214.5
297.5
228.0
314.5
316.0
269.5
251.0
225.0
265.0
228.0
255.0
395.5
273.0
266.0
375.5
297.5
252.5
268.0
246.5
358.0
299.5
316.0
351.0
219.0
269.5
266.0
253.5
314.5
262.0
375.5
273.0
278.5
306.0
257.0
283.0
214.5
280.5
242.5
240.0
358.0
332.0
248.0
242.5
316.0
272.5
265.0
297.5
319.0
251.0
228.0
266.0
266.0
252.5
255.0
225.0
395.5
246.5
253.5
240.0
257.0
375.5
316.0
332.0
240.0
314.5
278.5
248.0
266.0
252.5
262.0
299.5
251.0
351.0
228.0
314.5
280.5
266.0
214.5
319.0
268.0
306.0
252.5
273.0
225.0
272.5
269.5
283.0
219.0
265.0
242.5
297.5
255.0
242.5
278.5
358.0
266.0
246.5
248.0
266.0
316.0
225.0
332.0
395.5
319.0
314.5
266.0
240.0
242.5
299.5
375.5
228.0
266.0
316.0
242.5
265.0
306.0
252.5
358.0
214.5
262.0
219.0
255.0
269.5
283.0
395.5
297.5
272.5
257.0
266.0
262.0
242.5
306.0
255.0
351.0
332.0
251.0
351.0
273.0
316.0
268.0
278.5
280.5
248.0
262.0
253.5
246.5
266.0
266.0
319.0
219.0
306.0
266.0
299.5
351.0
242.5
214.5
314.5
273.0
358.0
246.5
228.0
265.0
268.0
332.0
240.0
242.5
283.0
225.0
316.0
316.0
297.5
255.0
253.5
248.0
252.5
257.0
251.0
272.5
375.5
395.5
269.5
278.5
280.5
306.0
332.0
246.5
299.5
273.0
316.0
316.0
252.5
283.0
319.0
262.0
228.0
265.0
266.0
316.0
268.0
272.5
253.5
266.0
266.0
240.0
251.0
219.0
395.5
266.0
314.5
272.5
257.0
242.5
269.5
351.0
248.0
278.5
255.0
214.5
265.0
297.5
358.0
253.5
225.0
375.5
280.5
268.0
246.5
269.5
242.5
319.0
242.5
316.0
266.0
299.5
278.5
283.0
255.0
306.0
228.0
358.0
265.0
272.5
248.0
225.0
314.5
268.0
351.0
375.5
257.0
266.0
214.5
395.5
332.0
253.5
251.0
280.5
273.0
297.5
262.0
219.0
266.0
314.5
251.0
316.0
219.0
246.5
283.0
242.5
316.0
266.0
252.5
240.0
299.5
332.0
265.0
395.5
283.0
268.0
358.0
228.0
253.5
242.5
266.0
314.5
280.5
273.0
269.5
248.0
242.5
266.0
251.0
316.0
262.0
255.0
375.5
316.0
240.0
257.0
219.0
306.0
351.0
246.5
252.5
225.0
297.5
272.5
319.0
214.5
278.5
395.5
269.5
351.0
240.0
248.0
297.5
358.0
266.0
225.0
262.0
266.0
266.0
283.0
319.0
265.0
351.0
358.0
272.5
283.0
319.0
262.0
351.0
358.0
272.5
314.5
332.0
242.5
395.5
375.5
306.0
314.5
332.0
242.5
395.5
375.5
306.0
374.5
381.0
342.5
320.5
323.5
280.0
374.5
381.0
342.5
320.5
323.5
280.0
248.5
294.0
294.0
320.5
323.5
280.0
248.5
294.0
294.0
320.5
323.5
280.0
250.0
362.0
277.0
288.0
332.0
359.0
250.0
362.0
277.0
288.0
332.0
359.0
279.5
337.0
229.0
260.5
308.5
238.5
279.5
337.0
229.0
260.5
308.5
238.5
228.5
249.0
262.5
374.5
381.0
342.5
228.5
249.0
262.5
374.5
381.0
342.5
250.0
248.5
259.5
277.0
337.0
309.0
220.5
277.0
280.0
308.5
249.0
228.5
229.0
238.5
218.5
279.5
251.0
246.5
359.0
210.0
320.5
262.5
337.0
250.0
209.0
218.5
309.0
342.5
288.0
374.5
308.5
229.0
294.0
332.0
259.5
277.0
218.5
320.5
251.0
359.0
262.5
235.5
249.0
196.5
294.0
229.0
337.0
228.5
294.0
234.5
209.0
220.5
250.0
279.5
246.5
374.5
222.0
250.0
362.0
229.0
332.0
342.5
218.5
172.5
248.5
210.0
246.5
308.5
260.5
294.0
288.0
222.0
229.0
260.5
259.5
238.5
288.0
381.0
222.0
309.0
279.5
323.5
280.0
228.5
246.5
220.5
359.0
332.0
235.5
196.5
248.5
320.5
308.5
259.5
234.5
288.0
250.0
249.0
250.0
381.0
210.0
229.0
374.5
337.0
323.5
262.5
362.0
229.0
229.0
260.5
218.5
251.0
277.0
218.5
238.5
172.5
209.0
294.0
309.0
294.0
280.0
332.0
374.5
342.5
196.5
320.5
218.5
288.0
359.0
249.0
222.0
381.0
381.0
209.0
342.5
234.5
229.0
332.0
229.0
209.0
220.5
248.5
218.5
323.5
337.0
294.0
246.5
235.5
251.0
308.5
250.0
262.5
277.0
362.0
279.5
294.0
309.0
259.5
238.5
210.0
280.0
229.0
260.5
250.0
342.5
229.0
228.5
234.5
374.5
235.5
229.0
172.5
249.0
288.0
320.5
381.0
332.0
238.5
250.0
294.0
262.5
222.0
280.0
209.0
277.0
229.0
308.5
342.5
279.5
250.0
359.0
323.5
229.0
172.5
220.5
337.0
260.5
362.0
210.0
362.0
323.5
218.5
218.5
280.0
228.5
246.5
248.5
210.0
309.0
251.0
196.5
218.5
234.5
294.0
218.5
259.5
288.0
262.5
229.0
332.0
359.0
250.0
222.0
210.0
337.0
320.5
294.0
260.5
279.5
249.0
218.5
374.5
248.5
309.0
277.0
238.5
235.5
218.5
381.0
308.5
342.5
172.5
229.0
259.5
196.5
220.5
280.0
246.5
362.0
228.5
209.0
250.0
323.5
229.0
288.0
234.5
251.0
294.0
218.5
235.5
210.0
222.0
320.5
220.5
196.5
250.0
238.5
249.0
220.5
235.5
262.5
332.0
279.5
309.0
249.0
260.5
248.5
280.0
234.5
229.0
238.5
246.5
277.0
250.0
381.0
251.0
342.5
337.0
308.5
294.0
250.0
374.5
218.5
172.5
362.0
228.5
359.0
259.5
294.0
229.0
196.5
229.0
251.0
209.0
323.5
249.0
294.0
260.5
381.0
320.5
250.0
280.0
235.5
309.0
172.5
362.0
234.5
277.0
220.5
294.0
342.5
218.5
250.0
246.5
359.0
259.5
337.0
238.5
374.5
218.5
172.5
320.5
229.0
359.0
279.5
229.0
196.5
229.0
222.0
248.5
229.0
262.5
228.5
279.5
210.0
288.0
308.5
209.0
294.0
332.0
249.0
229.0
323.5
294.0
251.0
238.5
362.0
342.5
280.0
250.0
260.5
359.0
374.5
235.5
248.5
209.0
279.5
323.5
234.5
259.5
229.0
222.0
288.0
210.0
250.0
277.0
218.5
196.5
381.0
228.5
262.5
218.5
246.5
172.5
309.0
229.0
320.5
220.5
229.0
308.5
362.0
222.0
332.0
337.0
279.5
238.5
294.0
228.5
251.0
234.5
374.5
262.5
288.0
277.0
248.5
280.0
196.5
294.0
246.5
229.0
249.0
218.5
250.0
320.5
251.0
209.0
262.5
172.5
308.5
259.5
250.0
220.5
374.5
323.5
381.0
229.0
234.5
359.0
309.0
260.5
228.5
332.0
229.0
294.0
337.0
210.0
218.5
342.5
209.0
259.5
279.5
235.5
246.5
229.0
309.0
308.5
196.5
294.0
381.0
359.0
249.0
374.5
362.0
260.5
234.5
210.0
323.5
342.5
277.0
320.5
262.5
238.5
229.0
294.0
248.5
381.0
362.0
235.5
228.5
235.5
218.5
229.0
229.0
250.0
337.0
220.5
218.5
280.0
251.0
288.0
294.0
332.0
172.5
250.0
222.0
248.5
250.0
323.5
196.5
222.0
172.5
260.5
288.0
332.0
359.0
320.5
323.5
280.0
288.0
332.0
359.0
320.5
323.5
280.0
288.0
332.0
359.0
320.5
323.5
280.0
374.5
381.0
342.5
279.5
337.0
229.0
374.5
381.0
342.5
279.5
337.0
229.0
282.5
326.5
317.5
347.5
303.5
269.5
282.5
326.5
317.5
347.5
303.5
269.5
267.5
271.5
225.5
305.0
325.5
262.0
267.5
271.5
225.5
305.0
325.5
262.0
347.5
303.5
269.5
287.0
269.5
264.0
347.5
303.5
269.5
287.0
269.5
264.0
255.0
287.5
236.5
291.5
291.0
216.0
255.0
287.5
236.5
291.5
291.0
216.0
277.5
281.0
267.0
282.5
326.5
317.5
277.5
281.0
267.0
282.5
326.5
317.5
223.0
255.0
347.5
264.0
317.5
305.0
241.0
202.0
185.5
227.5
305.0
287.0
291.0
267.5
264.0
287.5
183.0
282.5
253.5
281.0
271.5
232.0
269.5
347.5
291.5
305.0
262.0
326.5
238.0
186.5
223.0
317.5
325.5
241.0
175.0
267.0
183.0
216.0
232.0
287.0
282.5
255.0
185.5
238.0
281.0
277.5
227.5
287.5
347.5
271.5
262.0
260.5
236.5
202.0
253.5
264.0
326.5
225.5
291.0
291.5
269.5
291.5
269.5
259.5
303.5
267.5
202.0
291.0
253.5
175.0
269.5
260.5
232.0
241.0
287.0
277.5
262.0
223.0
271.5
255.0
236.5
175.0
186.5
291.5
267.0
269.5
238.0
347.5
253.5
291.5
269.5
259.5
227.5
326.5
282.5
317.5
185.5
183.0
303.5
281.0
202.0
264.0
291.0
325.5
305.0
267.5
225.5
216.0
287.5
287.0
291.5
260.5
253.5
291.5
264.0
223.0
238.0
269.5
271.5
183.0
347.5
281.0
305.0
282.5
236.5
175.0
260.5
291.0
262.0
267.0
317.5
259.5
236.5
241.0
303.5
259.5
287.5
238.0
241.0
269.5
326.5
325.5
216.0
202.0
225.5
227.5
232.0
267.5
287.5
255.0
277.5
303.5
253.5
186.5
185.5
271.5
282.5
238.0
325.5
291.5
202.0
317.5
264.0
255.0
267.0
262.0
241.0
281.0
291.5
326.5
305.0
232.0
186.5
260.5
267.5
227.5
223.0
287.0
216.0
259.5
185.5
277.5
347.5
269.5
291.0
236.5
175.0
183.0
225.5
287.5
303.5
269.5
259.5
281.0
186.5
325.5
232.0
326.5
262.0
225.5
282.5
185.5
291.5
325.5
267.5
291.5
238.0
255.0
185.5
291.0
225.5
287.5
317.5
202.0
267.0
277.5
216.0
175.0
227.5
291.5
347.5
264.0
260.5
271.5
287.0
269.5
305.0
241.0
282.5
223.0
269.5
236.5
262.0
253.5
232.0
303.5
202.0
183.0
291.5
291.0
305.0
287.5
216.0
264.0
259.5
271.5
241.0
186.5
282.5
223.0
185.5
269.5
238.0
277.5
175.0
303.5
287.0
267.0
227.5
236.5
291.5
253.5
267.5
317.5
186.5
291.5
227.5
269.5
216.0
277.5
347.5
260.5
183.0
269.5
225.5
325.5
262.0
255.0
216.0
281.0
326.5
269.5
291.0
267.0
271.5
227.5
282.5
185.5
305.0
225.5
260.5
186.5
183.0
277.5
236.5
264.0
269.5
238.0
253.5
232.0
267.5
287.0
281.0
317.5
347.5
241.0
202.0
259.5
262.0
255.0
291.5
303.5
291.5
325.5
175.0
287.5
326.5
223.0
216.0
269.5
264.0
317.5
260.5
227.5
183.0
291.5
259.5
238.0
347.5
202.0
326.5
267.0
183.0
271.5
267.5
232.0
287.0
269.5
186.5
291.0
232.0
287.5
225.5
185.5
236.5
291.5
255.0
241.0
277.5
282.5
267.5
326.5
262.0
303.5
267.0
325.5
253.5
305.0
271.5
175.0
223.0
291.5
241.0
281.0
269.5
291.0
317.5
277.5
236.5
183.0
202.0
267.5
269.5
262.0
287.5
305.0
232.0
267.0
281.0
260.5
282.5
303.5
238.0
225.5
325.5
259.5
255.0
216.0
253.5
185.5
271.5
326.5
291.5
287.0
264.0
175.0
291.5
269.5
287.0
236.5
281.0
325.5
186.5
223.0
202.0
227.5
347.5
269.5
317.5
232.0
185.5
303.5
325.5
260.5
291.5
277.5
281.0
282.5
264.0
291.5
287.5
267.0
347.5
255.0
305.0
269.5
238.0
287.0
291.0
271.5
223.0
225.5
253.5
241.0
259.5
262.0
227.5
183.0
175.0
267.5
326.5
216.0
236.5
186.5
255.0
260.5
277.5
259.5
175.0
223.0
303.5
317.5
216.0
267.0
186.5
225.5
347.5
303.5
269.5
305.0
325.5
262.0
347.5
303.5
269.5
305.0
325.5
262.0
282.5
326.5
317.5
291.5
291.0
216.0
282.5
326.5
317.5
291.5
291.0
216.0
303.5
303.5
303.5
337.0
371.0
305.0
303.5
303.5
303.5
337.0
371.0
305.0
303.5
303.5
303.5
337.0
371.0
305.0
286.5
300.0
274.5
337.0
371.0
305.0
286.5
300.0
274.5
337.0
371.0
305.0
331.5
308.5
315.5
288.5
278.5
244.5
331.5
308.5
315.5
288.5
278.5
244.5
265.0
301.0
280.0
314.0
324.5
247.5
265.0
301.0
280.0
314.0
324.5
247.5
265.0
301.0
280.0
314.0
324.5
247.5
303.5
303.5
303.5
275.5
222.5
251.5
303.5
303.5
303.5
275.5
222.5
251.5
303.5
303.5
213.0
301.0
300.0
210.5
337.0
331.5
247.5
324.5
280.0
167.5
371.0
206.5
305.0
228.5
275.5
315.5
213.5
303.5
279.0
262.0
150.0
213.0
278.5
249.5
314.0
288.5
201.5
274.5
206.0
251.5
286.5
305.0
265.0
331.5
279.0
371.0
315.5
303.5
280.0
177.5
278.5
210.5
288.5
206.5
227.5
150.0
314.0
301.0
262.0
247.5
303.5
286.5
224.5
337.0
201.5
222.5
213.0
244.5
274.5
265.0
308.5
228.5
300.0
230.0
315.5
262.0
230.0
177.5
288.5
206.5
167.5
303.5
213.5
249.5
275.5
324.5
337.0
303.5
262.0
227.5
247.5
315.5
206.0
210.5
228.5
280.0
244.5
314.0
286.5
230.0
150.0
371.0
303.5
303.5
206.5
224.5
301.0
251.5
288.5
249.5
177.5
222.5
265.0
275.5
278.5
213.0
201.5
213.5
324.5
274.5
167.5
305.0
300.0
331.5
371.0
308.5
288.5
279.0
150.0
280.0
222.5
262.0
249.5
177.5
301.0
213.0
213.5
227.5
314.0
230.0
150.0
228.5
167.5
222.5
206.0
274.5
228.5
286.5
201.5
279.0
278.5
324.5
303.5
167.5
206.5
305.0
308.5
300.0
303.5
331.5
244.5
210.5
275.5
224.5
274.5
315.5
337.0
265.0
206.0
303.5
247.5
228.5
177.5
251.5
201.5
150.0
305.0
210.5
249.5
275.5
280.0
262.0
265.0
227.5
301.0
324.5
337.0
371.0
244.5
247.5
251.5
213.0
230.0
274.5
315.5
278.5
167.5
314.0
279.0
224.5
206.0
303.5
303.5
331.5
213.5
206.5
280.0
224.5
308.5
286.5
314.0
337.0
300.0
222.5
288.5
308.5
286.5
303.5
249.5
244.5
228.5
230.0
167.5
247.5
371.0
224.5
278.5
210.5
274.5
213.5
275.5
286.5
227.5
201.5
308.5
314.0
300.0
213.0
280.0
315.5
324.5
251.5
288.5
305.0
262.0
265.0
337.0
303.5
150.0
177.5
279.0
303.5
301.0
331.5
206.5
206.0
244.5
222.5
303.5
278.5
286.5
324.5
288.5
167.5
262.0
210.5
265.0
275.5
230.0
224.5
150.0
315.5
227.5
244.5
278.5
303.5
305.0
324.5
213.0
314.0
228.5
206.0
301.0
371.0
303.5
279.0
337.0
177.5
251.5
305.0
201.5
227.5
280.0
300.0
303.5
213.5
249.5
274.5
247.5
303.5
308.5
206.5
222.5
314.0
275.5
331.5
251.5
279.0
305.0
244.5
337.0
150.0
371.0
303.5
167.5
303.5
288.5
247.5
265.0
280.0
262.0
324.5
308.5
201.5
230.0
206.0
213.5
315.5
222.5
274.5
286.5
301.0
206.5
249.5
300.0
224.5
177.5
213.0
251.5
371.0
265.0
331.5
249.5
201.5
303.5
210.5
227.5
278.5
228.5
331.5
324.5
274.5
303.5
288.5
206.0
275.5
247.5
305.0
150.0
286.5
224.5
222.5
210.5
201.5
303.5
301.0
315.5
303.5
230.0
279.0
249.5
337.0
228.5
227.5
251.5
213.5
278.5
308.5
167.5
244.5
177.5
371.0
314.0
262.0
300.0
265.0
280.0
331.5
286.5
213.0
206.5
337.0
275.5
303.5
251.5
228.5
288.5
303.5
314.0
315.5
206.0
167.5
222.5
249.5
279.0
300.0
275.5
213.5
247.5
206.0
324.5
206.5
210.5
279.0
201.5
265.0
244.5
274.5
300.0
331.5
262.0
227.5
371.0
213.0
247.5
278.5
150.0
308.5
301.0
230.0
177.5
213.5
280.0
305.0
224.5
262.0
274.5
303.5
251.5
228.5
249.5
150.0
303.5
314.0
324.5
300.0
303.5
279.0
280.0
244.5
265.0
286.5
210.5
247.5
222.5
230.0
213.5
371.0
303.5
206.5
275.5
337.0
278.5
301.0
167.5
177.5
206.0
288.5
227.5
224.5
230.0
303.5
224.5
227.5
222.5
303.5
213.0
308.5
331.5
315.5
305.0
201.5
308.5
301.0
251.5
244.5
177.5
210.5
331.5
308.5
315.5
337.0
371.0
305.0
331.5
308.5
315.5
337.0
371.0
305.0
303.5
303.5
303.5
314.0
324.5
247.5
303.5
303.5
303.5
314.0
324.5
247.5
303.5
303.5
303.5
314.0
324.5
247.5
247.0
257.0
251.0
338.0
334.0
200.0
247.0
257.0
251.0
338.0
334.0
200.0
247.0
257.0
251.0
338.0
334.0
200.0
242.0
290.0
216.0
338.0
334.0
200.0
242.0
290.0
216.0
338.0
334.0
200.0
242.0
290.0
216.0
338.0
334.0
200.0
258.0
246.5
273.0
260.5
263.0
211.5
258.0
246.5
273.0
260.5
263.0
211.5
247.0
226.0
208.0
289.0
290.0
230.0
247.0
226.0
208.0
289.0
290.0
230.0
247.0
226.0
208.0
289.0
290.0
230.0
238.0
260.5
248.5
247.0
257.0
251.0
238.0
260.5
248.5
247.0
257.0
251.0
179.0
120.0
290.0
151.0
248.5
143.5
193.0
338.0
258.0
143.5
195.5
238.0
164.0
162.0
171.0
230.0
247.0
236.5
151.0
257.0
237.0
121.0
263.0
208.0
226.0
151.0
251.0
334.0
290.0
195.0
248.5
211.5
273.0
260.5
179.0
200.0
260.5
143.5
204.0
171.0
257.0
195.5
216.0
247.0
151.0
195.0
238.5
290.0
242.0
263.0
162.0
193.0
211.5
334.0
251.0
289.0
236.5
238.0
151.0
120.0
164.0
208.0
226.0
121.0
258.0
260.5
290.0
204.0
195.5
260.5
162.0
121.0
246.5
338.0
247.0
230.0
290.0
237.0
247.0
120.0
211.5
273.0
193.0
151.0
258.0
242.0
236.5
151.0
290.0
200.0
260.5
334.0
238.5
290.0
289.0
143.5
251.0
121.0
246.5
263.0
171.0
179.0
216.0
247.0
195.5
226.0
257.0
338.0
164.0
237.0
238.0
162.0
195.0
248.5
230.0
260.5
263.0
208.0
204.0
200.0
216.0
171.0
246.5
242.0
211.5
151.0
248.5
226.0
290.0
289.0
237.0
258.0
289.0
263.0
200.0
238.5
164.0
338.0
162.0
195.5
338.0
179.0
151.0
164.0
195.0
257.0
208.0
236.5
120.0
334.0
121.0
247.0
230.0
251.0
143.5
260.5
238.5
290.0
247.0
238.0
273.0
204.0
334.0
258.0
260.5
193.0
236.5
216.0
242.0
290.0
237.0
211.5
143.5
121.0
338.0
179.0
151.0
247.0
260.5
226.0
162.0
120.0
273.0
263.0
246.5
164.0
260.5
290.0
251.0
195.5
289.0
208.0
238.0
238.5
230.0
151.0
248.5
257.0
237.0
247.0
247.0
216.0
334.0
273.0
171.0
204.0
193.0
247.0
200.0
195.0
211.5
236.5
290.0
195.5
164.0
120.0
260.5
151.0
290.0
151.0
216.0
260.5
258.0
226.0
204.0
162.0
251.0
238.5
246.5
208.0
143.5
247.0
248.5
263.0
195.0
273.0
121.0
334.0
338.0
230.0
179.0
193.0
257.0
171.0
237.0
200.0
238.0
289.0
226.0
247.0
242.0
164.0
290.0
195.5
263.0
230.0
260.5
216.0
246.5
238.5
151.0
193.0
121.0
290.0
260.5
151.0
236.5
246.5
193.0
242.0
208.0
151.0
247.0
200.0
162.0
238.0
236.5
273.0
171.0
338.0
248.5
289.0
204.0
251.0
334.0
211.5
258.0
179.0
247.0
257.0
242.0
120.0
260.5
195.0
143.5
200.0
151.0
237.0
216.0
226.0
195.5
193.0
151.0
273.0
251.0
208.0
257.0
334.0
162.0
248.5
242.0
260.5
237.0
121.0
204.0
289.0
164.0
247.0
290.0
258.0
120.0
338.0
171.0
290.0
263.0
238.0
211.5
238.5
236.5
247.0
226.0
195.0
211.5
171.0
208.0
238.0
195.0
143.5
230.0
179.0
260.5
246.5
248.5
164.0
216.0
120.0
251.0
193.0
290.0
162.0
258.0
211.5
171.0
238.5
151.0
151.0
121.0
204.0
247.0
257.0
263.0
237.0
260.5
236.5
226.0
260.5
200.0
195.5
334.0
238.0
246.5
247.0
289.0
242.0
273.0
208.0
230.0
179.0
338.0
195.0
251.0
143.5
290.0
162.0
247.0
260.5
120.0
195.5
238.5
237.0
200.0
230.0
193.0
334.0
151.0
289.0
257.0
230.0
289.0
251.0
216.0
258.0
260.5
338.0
247.0
257.0
246.5
211.5
290.0
238.0
248.5
121.0
226.0
242.0
143.5
216.0
179.0
204.0
236.5
164.0
151.0
195.0
171.0
258.0
273.0
263.0
208.0
260.5
193.0
290.0
238.0
338.0
120.0
121.0
216.0
226.0
246.5
162.0
242.0
200.0
238.5
195.5
179.0
251.0
236.5
263.0
257.0
273.0
290.0
290.0
237.0
208.0
248.5
204.0
230.0
151.0
164.0
334.0
143.5
151.0
260.5
171.0
238.5
179.0
248.5
290.0
247.0
260.5
247.0
211.5
289.0
258.0
247.0
195.0
273.0
200.0
246.5
120.0
204.0
242.0
258.0
246.5
273.0
338.0
334.0
200.0
258.0
246.5
195.0
338.0
334.0
200.0
247.0
257.0
251.0
247.0
226.0
208.0
247.0
257.0
251.0
247.0
226.0
208.0
337.0
351.5
236.0
306.0
315.0
290.0
337.0
351.5
236.0
306.0
315.0
290.0
200.5
227.5
208.0
306.0
315.0
290.0
200.5
227.5
208.0
306.0
315.0
290.0
232.0
248.0
243.5
275.0
272.5
274.0
232.0
248.0
243.5
275.0
272.5
274.0
197.5
186.0
239.0
337.0
351.5
236.0
197.5
186.0
208.0
337.0
351.5
236.0
211.0
252.0
210.0
246.0
273.0
212.0
211.0
252.0
210.0
246.0
273.0
212.0
211.0
252.0
210.0
246.0
273.0
212.0
208.0
229.0
226.0
351.5
236.0
275.0
239.0
246.0
252.0
290.0
211.0
208.0
200.5
351.5
143.5
208.0
273.0
272.5
197.5
210.0
306.0
208.0
315.0
186.0
226.0
275.0
237.5
206.5
290.0
252.0
229.0
211.0
272.5
208.0
306.0
274.0
246.0
212.0
156.5
157.5
239.0
315.0
227.5
232.0
186.0
273.0
200.5
168.0
248.0
243.5
236.0
238.0
190.0
197.5
206.5
351.5
337.0
208.0
143.5
227.5
237.5
272.5
200.5
239.0
168.0
212.0
252.0
273.0
190.0
212.0
143.5
157.5
337.0
275.0
243.5
156.5
248.0
197.5
252.0
226.0
351.5
210.0
186.0
190.0
274.0
315.0
238.0
273.0
306.0
157.5
229.0
236.0
208.0
290.0
143.5
246.0
252.0
211.0
315.0
232.0
337.0
210.0
274.0
206.5
273.0
239.0
208.0
197.5
248.0
275.0
229.0
200.5
186.0
246.0
157.5
208.0
236.0
168.0
232.0
237.5
143.5
226.0
156.5
306.0
227.5
238.0
351.5
272.5
190.0
212.0
243.5
290.0
210.0
168.0
206.5
337.0
246.0
274.0
273.0
197.5
143.5
211.0
246.0
237.5
168.0
248.0
290.0
229.0
306.0
351.5
227.5
274.0
272.5
236.0
252.0
210.0
208.0
212.0
337.0
238.0
157.5
186.0
156.5
200.5
211.0
206.5
315.0
226.0
243.5
190.0
239.0
275.0
208.0
232.0
210.0
290.0
273.0
337.0
200.5
226.0
190.0
208.0
246.0
197.5
227.5
351.5
238.0
229.0
243.5
272.5
239.0
208.0
186.0
156.5
168.0
212.0
274.0
275.0
156.5
208.0
238.0
243.5
186.0
211.0
236.0
143.5
232.0
315.0
237.5
248.0
252.0
157.5
229.0
211.0
206.5
306.0
190.0
168.0
143.5
210.0
315.0
156.5
252.0
248.0
208.0
273.0
238.0
337.0
186.0
237.5
306.0
272.5
236.0
246.0
211.0
212.0
232.0
275.0
206.5
208.0
290.0
274.0
200.5
226.0
243.5
227.5
197.5
157.5
237.5
351.5
239.0
210.0
315.0
168.0
208.0
186.0
252.0
143.5
246.0
226.0
273.0
232.0
208.0
243.5
248.0
272.5
306.0
200.5
232.0
197.5
272.5
206.5
238.0
275.0
190.0
290.0
274.0
197.5
236.0
229.0
212.0
200.5
227.5
211.0
239.0
248.0
337.0
157.5
306.0
252.0
212.0
351.5
156.5
243.5
226.0
186.0
248.0
143.5
237.5
206.5
275.0
238.0
210.0
239.0
229.0
273.0
168.0
337.0
211.0
236.0
190.0
200.5
197.5
290.0
272.5
208.0
227.5
157.5
246.0
208.0
351.5
274.0
156.5
232.0
306.0
200.5
243.5
315.0
229.0
337.0
237.5
290.0
239.0
227.5
275.0
315.0
157.5
232.0
290.0
143.5
210.0
274.0
237.5
208.0
208.0
190.0
248.0
206.5
236.0
273.0
227.5
272.5
156.5
275.0
186.0
351.5
212.0
226.0
306.0
239.0
246.0
197.5
315.0
238.0
252.0
168.0
190.0
157.5
274.0
211.0
273.0
248.0
200.5
238.0
208.0
243.5
237.5
252.0
337.0
197.5
186.0
290.0
236.0
156.5
143.5
239.0
275.0
306.0
246.0
168.0
208.0
210.0
211.0
226.0
272.5
212.0
157.5
243.5
206.5
168.0
226.0
236.0
315.0
351.5
232.0
206.5
227.5
229.0
212.0
210.0
227.5
232.0
238.0
248.0
156.5
337.0
190.0
237.5
274.0
229.0
275.0
272.5
274.0
306.0
315.0
290.0
275.0
272.5
274.0
306.0
315.0
290.0
275.0
272.5
274.0
306.0
315.0
290.0
246.0
273.0
212.0
337.0
351.5
236.0
246.0
273.0
212.0
337.0
351.5
236.0
372.0
359.0
263.5
391.0
389.0
262.0
372.0
359.0
263.5
391.0
389.0
262.0
253.0
264.0
263.0
391.0
389.0
262.0
253.0
264.0
263.0
391.0
389.0
262.0
253.0
264.0
263.0
391.0
389.0
262.0
263.0
300.0
257.0
278.0
287.0
243.0
263.0
300.0
257.0
278.0
287.0
243.0
263.0
300.0
257.0
278.0
287.0
243.0
210.0
253.0
200.0
293.0
307.0
232.0
210.0
253.0
200.0
293.0
307.0
232.0
210.0
253.0
200.0
293.0
307.0
232.0
248.5
247.5
226.0
372.0
359.0
263.5
248.5
247.5
226.0
372.0
359.0
263.5
253.0
263.5
278.0
264.0
247.5
263.0
228.0
253.0
263.0
307.0
263.0
257.0
260.0
293.0
391.0
200.0
232.0
261.5
253.0
300.0
247.5
126.0
248.5
257.0
264.0
210.0
263.5
278.0
372.0
226.0
389.0
287.0
262.0
263.0
243.0
359.0
253.0
278.0
261.5
248.5
253.0
307.0
263.5
232.0
293.0
126.0
300.0
359.0
264.0
287.0
257.0
226.0
200.0
260.0
210.0
372.0
247.5
389.0
228.0
243.0
263.0
391.0
232.0
263.0
262.0
253.0
248.5
261.5
293.0
232.0
287.0
228.0
260.0
300.0
264.0
253.0
307.0
389.0
243.0
200.0
263.0
278.0
257.0
263.0
261.5
228.0
226.0
359.0
263.5
126.0
210.0
391.0
247.5
372.0
248.5
287.0
293.0
307.0
243.0
200.0
257.0
262.0
261.5
359.0
263.0
210.0
264.0
372.0
253.0
263.5
260.0
232.0
389.0
300.0
226.0
263.0
126.0
287.0
278.0
391.0
293.0
248.5
253.0
247.5
262.0
228.0
307.0
359.0
372.0
257.0
260.0
232.0
200.0
307.0
300.0
253.0
210.0
243.0
243.0
126.0
261.5
247.5
253.0
200.0
263.5
278.0
391.0
228.0
253.0
210.0
248.5
264.0
226.0
389.0
263.0
293.0
300.0
287.0
210.0
263.0
262.0
372.0
243.0
257.0
263.5
391.0
389.0
248.5
261.5
263.0
247.5
300.0
253.0
253.0
359.0
200.0
287.0
263.0
293.0
278.0
262.0
126.0
232.0
307.0
264.0
228.0
260.0
210.0
389.0
226.0
253.0
293.0
257.0
278.0
300.0
372.0
228.0
391.0
391.0
372.0
263.0
359.0
226.0
262.0
307.0
200.0
263.0
263.5
261.5
264.0
232.0
226.0
287.0
262.0
243.0
253.0
126.0
263.0
248.5
247.5
359.0
260.0
391.0
243.0
264.0
372.0
300.0
261.5
257.0
359.0
253.0
287.0
263.0
263.5
210.0
260.0
262.0
293.0
253.0
126.0
278.0
226.0
389.0
307.0
247.5
232.0
248.5
228.0
359.0
200.0
263.0
253.0
243.0
232.0
264.0
293.0
210.0
257.0
253.0
263.0
263.5
300.0
391.0
226.0
228.0
257.0
389.0
260.0
126.0
278.0
372.0
389.0
200.0
126.0
247.5
287.0
278.0
262.0
248.5
261.5
260.0
307.0
228.0
126.0
200.0
263.0
232.0
210.0
253.0
261.5
372.0
257.0
253.0
226.0
263.0
260.0
263.0
300.0
248.5
243.0
287.0
391.0
307.0
263.5
247.5
389.0
262.0
293.0
228.0
359.0
264.0
278.0
262.0
307.0
300.0
263.0
226.0
210.0
232.0
372.0
253.0
200.0
263.5
248.5
247.5
293.0
359.0
391.0
261.5
253.0
264.0
389.0
126.0
287.0
243.0
260.0
278.0
287.0
243.0
391.0
389.0
262.0
278.0
287.0
243.0
391.0
389.0
262.0
372.0
359.0
263.5
293.0
307.0
232.0
372.0
359.0
263.5
293.0
307.0
232.0
295.0
310.0
325.5
386.0
442.5
319.5
295.0
310.0
325.5
386.0
442.5
319.5
259.0
196.0
211.5
386.0
442.5
319.5
259.0
196.0
211.5
386.0
442.5
319.5
308.5
239.5
230.0
231.0
259.5
227.5
308.5
239.5
230.0
231.0
259.5
227.5
244.5
272.5
271.5
295.0
310.0
325.5
244.5
272.5
271.5
295.0
310.0
325.5
263.5
276.0
249.0
338.5
342.0
299.0
263.5
276.0
249.0
338.5
342.0
299.0
198.5
230.0
274.0
206.5
196.0
272.5
258.5
211.5
198.5
271.5
325.5
244.5
176.0
263.5
299.0
295.0
188.0
223.5
310.0
342.0
266.0
442.5
249.0
288.5
227.5
230.0
231.0
308.5
386.0
271.5
276.0
211.5
196.0
319.5
274.0
248.5
299.0
288.5
241.0
223.5
259.5
272.5
259.0
249.0
308.5
223.0
206.5
263.5
244.5
310.0
231.0
209.0
239.5
342.0
295.0
198.5
176.0
338.5
266.0
386.0
278.5
227.5
188.0
325.5
258.5
442.5
231.0
248.5
223.5
266.0
299.0
223.0
244.5
272.5
239.5
223.0
249.0
274.0
198.5
276.0
248.5
342.0
230.0
241.0
338.5
263.5
227.5
310.0
196.0
299.0
386.0
288.5
295.0
223.5
209.0
308.5
259.5
271.5
319.5
188.0
325.5
231.0
206.5
278.5
442.5
176.0
266.0
258.5
211.5
209.0
338.5
259.0
223.0
295.0
263.5
342.0
259.5
230.0
239.5
386.0
249.0
248.5
258.5
274.0
299.0
308.5
310.0
176.0
325.5
231.0
211.5
259.0
209.0
386.0
249.0
276.0
319.5
310.0
288.5
223.5
278.5
319.5
227.5
206.5
198.5
241.0
266.0
188.0
271.5
276.0
196.0
244.5
230.0
272.5
442.5
176.0
263.5
319.5
386.0
258.5
295.0
342.0
259.5
299.0
211.5
249.0
266.0
276.0
223.5
196.0
239.5
248.5
278.5
209.0
259.0
338.5
271.5
231.0
442.5
274.0
241.0
310.0
272.5
308.5
325.5
227.5
244.5
223.0
188.0
198.5
206.5
288.5
295.0
196.0
278.5
342.0
271.5
231.0
342.0
308.5
176.0
325.5
241.0
211.5
263.5
249.0
325.5
442.5
248.5
266.0
241.0
386.0
258.5
288.5
272.5
211.5
176.0
259.0
206.5
244.5
209.0
227.5
319.5
198.5
299.0
308.5
259.5
239.5
188.0
310.0
230.0
223.5
338.5
223.0
276.0
231.0
288.5
259.0
342.0
274.0
227.5
271.5
176.0
248.5
263.5
239.5
249.0
188.0
299.0
241.0
278.5
308.5
223.0
319.5
209.0
230.0
272.5
266.0
338.5
310.0
295.0
258.5
276.0
244.5
239.5
259.0
278.5
188.0
338.5
258.5
386.0
206.5
325.5
196.0
274.0
259.5
211.5
223.5
319.5
442.5
198.5
271.5
276.0
338.5
342.0
272.5
308.5
263.5
239.5
288.5
188.0
196.0
231.0
249.0
266.0
244.5
259.0
227.5
386.0
198.5
206.5
295.0
259.5
248.5
211.5
310.0
230.0
223.0
442.5
278.5
299.0
325.5
274.0
209.0
258.5
223.5
176.0
241.0
266.0
308.5
211.5
196.0
188.0
263.5
271.5
230.0
249.0
310.0
198.5
259.0
259.5
288.5
244.5
271.5
263.5
295.0
274.0
223.5
386.0
342.0
244.5
278.5
259.5
325.5
338.5
248.5
176.0
288.5
295.0
319.5
442.5
239.5
241.0
223.0
231.0
258.5
206.5
272.5
227.5
276.0
299.0
342.0
248.5
209.0
188.0
259.0
338.5
308.5
196.0
325.5
266.0
223.5
249.0
239.5
227.5
211.5
295.0
230.0
274.0
244.5
263.5
241.0
231.0
319.5
209.0
442.5
310.0
278.5
259.5
198.5
386.0
272.5
223.0
299.0
271.5
206.5
442.5
276.0
241.0
227.5
223.0
196.0
288.5
258.5
319.5
176.0
276.0
230.0
266.0
295.0
227.5
239.5
274.0
310.0
271.5
241.0
209.0
299.0
442.5
338.5
223.0
258.5
259.5
288.5
196.0
342.0
308.5
248.5
188.0
386.0
176.0
244.5
272.5
231.0
198.5
263.5
278.5
211.5
325.5
259.0
276.0
206.5
223.5
249.0
230.0
206.5
209.0
319.5
239.5
338.5
278.5
274.0
272.5
259.0
259.5
248.5
231.0
259.5
227.5
386.0
442.5
319.5
231.0
259.5
227.5
386.0
442.5
319.5
338.5
342.0
299.0
295.0
310.0
325.5
338.5
342.0
299.0
295.0
310.0
325.5
355.0
359.0
359.5
298.0
344.0
278.0
355.0
359.0
359.5
298.0
344.0
278.0
306.0
296.0
278.5
376.0
348.0
282.0
306.0
296.0
278.5
376.0
348.0
282.0
295.5
290.5
263.5
298.0
344.0
278.0
295.5
290.5
263.5
298.0
344.0
278.0
355.0
359.0
359.5
335.0
353.5
259.0
355.0
359.0
359.5
335.0
353.5
259.0
287.0
305.0
238.0
322.0
352.5
255.5
287.0
305.0
238.0
322.0
352.5
255.5
306.0
193.5
352.5
353.5
298.0
344.0
255.5
226.0
259.0
295.5
359.5
353.5
344.0
287.0
305.0
241.5
245.0
249.0
210.0
352.5
284.0
250.0
268.0
252.5
195.0
200.5
226.0
180.0
245.0
355.0
249.0
298.0
290.5
278.5
282.0
296.0
348.0
287.0
193.5
284.0
335.0
305.0
238.0
344.0
241.5
259.0
252.5
195.0
353.5
245.0
245.0
210.0
250.0
322.0
376.0
268.0
295.5
200.5
255.5
180.0
306.0
263.5
278.0
359.0
352.5
359.5
259.0
263.5
238.0
305.0
250.0
278.0
238.0
296.0
249.0
252.5
335.0
245.0
298.0
282.0
284.0
255.5
295.5
241.5
306.0
322.0
268.0
359.5
355.0
250.0
376.0
278.5
210.0
226.0
348.0
278.0
245.0
193.5
259.0
290.5
263.5
180.0
305.0
353.5
352.5
344.0
195.0
359.0
200.5
295.5
306.0
287.0
238.0
298.0
282.0
180.0
359.5
284.0
376.0
348.0
259.0
359.0
250.0
352.5
249.0
226.0
195.0
278.5
245.0
353.5
268.0
255.5
282.0
335.0
295.5
290.5
359.0
268.0
193.5
241.5
335.0
287.0
200.5
322.0
263.5
305.0
252.5
245.0
355.0
296.0
250.0
290.5
344.0
210.0
278.0
245.0
322.0
226.0
353.5
282.0
376.0
287.0
355.0
359.0
335.0
305.0
241.5
180.0
255.5
195.0
306.0
296.0
263.5
295.5
193.5
238.0
359.5
278.5
252.5
352.5
298.0
245.0
200.5
278.0
259.0
284.0
344.0
249.0
268.0
290.5
210.0
348.0
263.5
287.0
250.0
255.5
376.0
359.0
210.0
245.0
180.0
359.5
296.0
287.0
245.0
359.5
226.0
296.0
298.0
241.5
268.0
245.0
278.0
335.0
306.0
259.0
348.0
249.0
282.0
238.0
180.0
352.5
195.0
295.5
210.0
305.0
322.0
193.5
252.5
355.0
353.5
290.5
278.5
284.0
200.5
296.0
335.0
344.0
259.0
282.0
245.0
238.0
348.0
180.0
193.5
268.0
287.0
278.0
290.5
245.0
322.0
195.0
355.0
278.5
344.0
295.5
352.5
298.0
249.0
284.0
200.5
226.0
359.0
263.5
322.0
255.5
278.5
348.0
252.5
200.5
241.5
210.0
252.5
306.0
353.5
376.0
250.0
255.5
245.0
359.5
305.0
278.5
322.0
295.5
290.5
287.0
249.0
259.0
352.5
282.0
245.0
226.0
210.0
355.0
180.0
335.0
195.0
250.0
284.0
306.0
298.0
348.0
305.0
278.0
255.5
252.5
268.0
241.5
359.5
193.5
344.0
263.5
296.0
353.5
359.0
376.0
200.5
238.0
335.0
290.5
255.5
298.0
306.0
210.0
278.0
359.5
249.0
193.5
282.0
195.0
195.0
284.0
355.0
249.0
376.0
245.0
296.0
305.0
376.0
278.5
200.5
250.0
295.5
226.0
238.0
263.5
348.0
245.0
252.5
180.0
359.0
245.0
344.0
322.0
353.5
284.0
287.0
259.0
268.0
355.0
352.5
250.0
348.0
241.5
290.5
200.5
180.0
344.0
376.0
245.0
193.5
255.5
268.0
226.0
298.0
249.0
195.0
305.0
241.5
259.0
278.5
359.0
210.0
287.0
352.5
278.0
296.0
284.0
245.0
295.5
322.0
263.5
282.0
355.0
306.0
238.0
359.0
306.0
241.5
226.0
296.0
193.5
252.5
359.5
298.0
335.0
353.5
249.0
245.0
259.0
376.0
268.0
348.0
195.0
296.0
344.0
210.0
284.0
238.0
322.0
295.5
252.5
193.5
282.0
250.0
226.0
278.0
180.0
278.5
263.5
241.5
353.5
359.0
305.0
200.5
359.5
290.5
306.0
355.0
287.0
255.5
335.0
352.5
245.0
348.0
322.0
335.0
278.5
298.0
263.5
376.0
355.0
290.5
238.0
278.0
282.0
298.0
344.0
278.0
376.0
348.0
282.0
298.0
344.0
278.0
376.0
348.0
282.0
298.0
344.0
278.0
376.0
348.0
282.0
322.0
352.5
255.5
355.0
359.0
359.5
322.0
352.5
255.5
355.0
359.0
359.5
295.0
376.0
295.0
340.0
300.0
300.0
295.0
376.0
295.0
340.0
300.0
300.0
285.0
297.0
297.0
261.0
321.0
280.5
285.0
297.0
297.0
261.0
321.0
280.5
340.0
300.0
300.0
307.0
309.0
258.5
340.0
300.0
300.0
307.0
309.0
258.5
266.5
259.5
228.0
317.0
271.0
256.0
266.5
259.5
228.0
317.0
271.0
256.0
259.0
282.5
204.5
295.0
376.0
295.0
259.0
282.5
204.5
295.0
376.0
295.0
297.0
237.5
266.5
256.0
234.5
300.0
376.0
282.5
295.0
234.5
261.0
192.5
271.0
297.0
280.5
259.5
227.5
297.0
241.5
285.0
266.5
300.0
217.5
168.5
321.0
228.0
300.0
255.0
204.5
232.0
297.0
295.0
222.5
255.5
261.0
280.5
248.5
192.5
258.5
309.0
307.0
271.0
168.5
204.5
295.0
317.0
376.0
237.5
232.0
235.0
266.5
227.5
285.0
255.0
282.5
259.5
300.0
300.0
259.0
261.5
340.0
297.0
234.5
321.0
256.0
241.5
259.5
261.0
295.0
259.0
285.0
307.0
228.0
168.5
261.0
217.5
259.0
297.0
295.0
255.0
192.5
222.5
259.5
285.0
300.0
255.5
376.0
297.0
309.0
317.0
256.0
307.0
217.5
321.0
280.5
232.0
235.0
248.5
241.5
228.0
259.0
237.5
266.5
259.0
340.0
282.5
271.0
261.5
204.5
227.5
295.0
258.5
234.5
300.0
295.0
228.0
222.5
376.0
259.5
256.0
317.0
340.0
259.0
217.5
261.5
192.5
300.0
307.0
321.0
237.5
258.5
259.0
227.5
340.0
248.5
228.0
255.0
317.0
309.0
248.5
285.0
204.5
266.5
300.0
297.0
261.0
232.0
280.5
295.0
241.5
235.0
255.5
271.0
168.5
282.5
234.5
227.5
300.0
259.0
297.0
255.0
307.0
317.0
248.5
295.0
261.0
241.5
259.0
217.5
282.5
295.0
256.0
222.5
204.5
258.5
271.0
227.5
232.0
168.5
376.0
266.5
192.5
255.5
300.0
297.0
259.5
297.0
237.5
321.0
261.5
228.0
285.0
280.5
234.5
235.0
255.0
340.0
309.0
258.5
261.5
232.0
255.5
295.0
217.5
259.5
232.0
217.5
300.0
317.0
256.0
259.0
376.0
321.0
266.5
248.5
295.0
228.0
234.5
271.0
258.5
222.5
261.0
204.5
309.0
297.0
295.0
235.0
340.0
307.0
255.5
241.5
300.0
227.5
168.5
259.0
192.5
282.5
237.5
280.5
285.0
222.5
255.0
217.5
261.5
297.0
248.5
340.0
297.0
255.5
241.5
232.0
259.0
192.5
285.0
256.0
234.5
321.0
227.5
235.0
376.0
228.0
266.5
307.0
280.5
222.5
241.5
297.0
282.5
321.0
309.0
255.0
300.0
282.5
295.0
295.0
258.5
261.0
317.0
204.5
271.0
297.0
300.0
261.5
168.5
237.5
259.0
309.0
259.5
259.0
228.0
295.0
192.5
241.5
300.0
285.0
317.0
234.5
307.0
258.5
297.0
261.0
256.0
255.0
261.5
204.5
255.5
282.5
280.5
227.5
248.5
271.0
321.0
217.5
376.0
297.0
237.5
235.0
259.5
309.0
222.5
168.5
232.0
295.0
300.0
340.0
321.0
261.0
259.0
266.5
227.5
300.0
259.0
235.0
271.0
204.5
376.0
255.0
259.0
271.0
241.5
217.5
237.5
376.0
261.5
300.0
234.5
297.0
248.5
168.5
280.5
259.5
340.0
282.5
204.5
192.5
232.0
228.0
295.0
309.0
255.5
285.0
300.0
258.5
222.5
317.0
235.0
297.0
256.0
266.5
307.0
295.0
259.0
309.0
217.5
234.5
227.5
192.5
376.0
259.5
241.5
261.5
280.5
258.5
204.5
222.5
300.0
307.0
259.0
235.0
261.0
255.5
168.5
317.0
321.0
266.5
255.0
280.5
317.0
261.5
168.5
295.0
192.5
295.0
232.0
297.0
248.5
237.5
282.5
285.0
271.0
259.0
297.0
256.0
228.0
295.0
300.0
259.0
340.0
300.0
280.5
237.5
227.5
309.0
261.0
261.5
307.0
317.0
266.5
258.5
192.5
297.0
235.0
271.0
256.0
168.5
376.0
295.0
340.0
234.5
259.0
255.0
232.0
222.5
282.5
204.5
217.5
248.5
255.5
259.5
228.0
241.5
300.0
297.0
285.0
321.0
295.0
307.0
237.5
340.0
248.5
255.5
222.5
235.0
258.5
309.0
259.0
259.0
256.0
340.0
300.0
300.0
285.0
297.0
297.0
340.0
300.0
300.0
285.0
297.0
297.0
340.0
300.0
300.0
285.0
297.0
297.0
295.0
376.0
295.0
317.0
271.0
256.0
295.0
376.0
295.0
317.0
271.0
256.0
295.0
376.0
295.0
317.0
271.0
256.0
312.0
348.0
277.0
351.5
390.0
292.0
312.0
348.0
277.0
351.5
390.0
292.0
206.0
225.0
255.0
351.5
390.0
292.0
206.0
225.0
255.0
351.5
390.0
292.0
275.0
244.5
249.0
302.0
298.0
299.5
275.0
244.5
249.0
302.0
298.0
299.5
275.0
244.5
249.0
302.0
298.0
299.5
277.0
259.0
253.0
312.0
348.0
277.0
277.0
259.0
253.0
312.0
348.0
277.0
282.0
261.0
250.5
307.0
356.0
244.0
282.0
261.0
250.5
307.0
356.0
244.0
282.0
261.0
250.5
307.0
356.0
244.0
207.0
348.0
241.0
189.0
351.5
275.0
241.0
307.0
299.5
259.0
220.0
277.0
348.0
160.0
255.0
298.0
277.0
312.0
390.0
250.5
136.0
277.0
249.0
207.0
312.0
307.0
189.0
348.0
298.0
206.0
259.0
351.5
299.5
244.0
275.0
282.0
160.0
302.0
213.0
292.0
390.0
255.0
277.0
249.0
356.0
206.0
241.0
244.5
225.0
261.0
188.0
259.0
220.0
253.0
351.5
244.0
213.0
275.0
307.0
277.0
241.0
292.0
250.5
244.5
259.0
298.0
277.0
302.0
206.0
220.0
244.5
307.0
225.0
299.5
206.0
207.0
312.0
356.0
206.0
348.0
390.0
261.0
160.0
220.0
189.0
253.0
249.0
255.0
302.0
259.0
277.0
188.0
312.0
282.0
136.0
292.0
207.0
255.0
189.0
241.0
351.5
261.0
298.0
220.0
213.0
249.0
206.0
206.0
275.0
277.0
225.0
302.0
307.0
259.0
390.0
282.0
160.0
244.5
244.0
250.5
356.0
299.5
136.0
188.0
348.0
259.0
277.0
390.0
207.0
253.0
282.0
298.0
277.0
206.0
250.5
225.0
356.0
255.0
275.0
259.0
259.0
302.0
206.0
356.0
255.0
351.5
220.0
348.0
244.5
136.0
292.0
277.0
189.0
307.0
206.0
244.0
249.0
225.0
250.5
261.0
312.0
299.5
188.0
253.0
213.0
160.0
277.0
241.0
356.0
298.0
307.0
282.0
189.0
261.0
292.0
244.0
220.0
253.0
241.0
225.0
206.0
250.5
188.0
255.0
275.0
249.0
259.0
136.0
277.0
351.5
348.0
302.0
312.0
213.0
244.5
299.5
390.0
277.0
261.0
136.0
253.0
299.5
160.0
244.0
206.0
160.0
292.0
259.0
207.0
136.0
220.0
282.0
241.0
259.0
189.0
299.5
277.0
225.0
302.0
250.5
207.0
160.0
244.5
356.0
351.5
188.0
249.0
307.0
244.0
259.0
390.0
213.0
277.0
348.0
206.0
298.0
261.0
312.0
275.0
253.0
206.0
277.0
259.0
255.0
188.0
277.0
253.0
356.0
348.0
213.0
207.0
282.0
249.0
261.0
244.5
244.0
189.0
206.0
136.0
255.0
241.0
307.0
225.0
390.0
282.0
259.0
312.0
292.0
213.0
249.0
312.0
259.0
160.0
250.5
220.0
275.0
298.0
299.5
302.0
351.5
206.0
292.0
206.0
244.5
207.0
390.0
241.0
259.0
351.5
249.0
160.0
277.0
356.0
189.0
220.0
302.0
188.0
244.0
277.0
261.0
136.0
298.0
275.0
299.5
282.0
255.0
253.0
292.0
307.0
312.0
250.5
348.0
259.0
225.0
282.0
213.0
206.0
277.0
275.0
299.5
348.0
220.0
206.0
390.0
244.0
241.0
356.0
302.0
312.0
249.0
189.0
259.0
298.0
356.0
390.0
188.0
298.0
255.0
277.0
261.0
292.0
259.0
307.0
207.0
351.5
160.0
253.0
244.5
250.5
213.0
259.0
136.0
189.0
206.0
225.0
312.0
244.0
188.0
298.0
351.5
282.0
351.5
206.0
250.5
253.0
302.0
259.0
206.0
207.0
136.0
188.0
244.0
213.0
261.0
275.0
244.5
292.0
225.0
275.0
244.5
249.0
351.5
390.0
292.0
275.0
244.5
249.0
351.5
390.0
292.0
307.0
356.0
244.0
312.0
348.0
277.0
307.0
356.0
244.0
312.0
348.0
277.0
