(605, 2, 3, 1)
318.0
327.0
241.0
392.5
392.0
338.0
318.0
327.0
241.0
392.5
392.0
338.0
172.0
223.0
246.0
392.5
392.0
338.0
172.0
223.0
246.0
392.5
392.0
338.0
262.5
309.0
231.5
248.0
287.0
236.5
262.5
309.0
231.5
248.0
287.0
236.5
239.0
247.5
197.5
350.0
337.0
268.0
239.0
247.5
197.5
350.0
337.0
268.0
257.0
212.5
213.5
318.0
327.0
241.0
257.0
212.5
213.5
318.0
327.0
241.0
144.0
224.5
287.0
231.5
241.0
178.0
160.5
174.0
146.5
287.0
350.0
246.0
392.0
248.0
213.5
231.5
268.0
210.5
106.0
197.5
262.5
224.5
337.0
178.0
309.0
318.0
212.5
184.0
392.5
164.5
257.0
213.5
239.0
203.0
247.5
172.0
210.5
287.0
262.5
241.0
174.0
156.0
145.0
144.0
160.5
248.0
184.0
309.0
236.5
154.5
392.5
223.0
246.0
257.0
212.5
392.0
231.5
224.5
230.5
203.0
146.5
338.0
164.5
337.0
205.0
268.0
172.0
210.5
230.5
197.5
239.0
337.0
197.5
318.0
350.0
327.0
178.0
106.0
213.5
287.0
203.0
145.0
154.5
184.0
156.0
231.5
248.0
174.0
239.0
246.0
247.5
223.0
146.5
178.0
144.0
197.5
236.5
327.0
212.5
257.0
210.5
224.5
268.0
172.0
350.0
318.0
337.0
262.5
338.0
160.5
392.5
392.0
241.0
205.0
230.5
164.5
327.0
203.0
309.0
106.0
231.5
197.5
236.5
184.0
212.5
174.0
205.0
178.0
392.5
239.0
156.0
247.5
392.5
268.0
246.0
327.0
205.0
184.0
145.0
224.5
392.0
144.0
268.0
154.5
164.5
262.5
223.0
213.5
338.0
210.5
257.0
172.0
106.0
160.5
337.0
287.0
230.5
350.0
241.0
246.0
146.5
248.0
309.0
247.5
338.0
236.5
318.0
156.0
231.5
327.0
154.5
197.5
172.0
160.5
178.0
257.0
164.5
184.0
230.5
146.5
337.0
203.0
392.0
241.0
246.0
318.0
262.5
248.0
268.0
212.5
392.5
287.0
205.0
144.0
106.0
213.5
145.0
174.0
203.0
156.0
212.5
223.0
145.0
338.0
223.0
239.0
210.5
350.0
309.0
224.5
184.0
231.5
160.5
338.0
154.5
262.5
146.5
172.0
327.0
248.0
203.0
145.0
174.0
178.0
392.0
164.5
247.5
212.5
350.0
257.0
156.0
268.0
213.5
197.5
287.0
205.0
318.0
223.0
144.0
236.5
106.0
241.0
224.5
392.5
309.0
239.0
210.5
337.0
145.0
246.0
230.5
231.5
247.5
248.0
197.5
262.5
205.0
203.0
338.0
174.0
172.0
309.0
287.0
257.0
247.5
318.0
174.0
154.5
146.5
213.5
268.0
164.5
241.0
154.5
106.0
223.0
146.5
212.5
337.0
160.5
236.5
239.0
327.0
210.5
350.0
392.5
144.0
230.5
246.0
184.0
178.0
318.0
213.5
224.5
156.0
309.0
154.5
392.0
146.5
287.0
205.0
212.5
230.5
262.5
350.0
231.5
338.0
106.0
184.0
210.5
247.5
246.0
318.0
203.0
160.5
248.0
223.0
174.0
213.5
236.5
337.0
392.5
392.0
327.0
164.5
224.5
239.0
197.5
145.0
257.0
160.5
248.0
350.0
236.5
106.0
164.5
172.0
241.0
144.0
178.0
156.0
268.0
106.0
231.5
213.5
205.0
236.5
146.5
145.0
246.0
309.0
212.5
197.5
223.0
350.0
184.0
144.0
241.0
257.0
338.0
174.0
224.5
268.0
230.5
160.5
247.5
392.5
203.0
210.5
287.0
172.0
178.0
156.0
327.0
337.0
154.5
164.5
248.0
239.0
262.5
241.0
318.0
392.0
257.0
246.0
213.5
205.0
224.5
212.5
172.0
203.0
178.0
154.5
309.0
268.0
236.5
392.0
223.0
309.0
327.0
262.5
257.0
164.5
231.5
145.0
350.0
392.5
247.5
174.0
197.5
327.0
239.0
392.0
338.0
146.5
106.0
318.0
210.5
160.5
156.0
287.0
223.0
184.0
337.0
230.5
248.0
262.5
246.0
236.5
144.0
164.5
203.0
172.0
154.5
392.0
106.0
350.0
212.5
248.0
257.0
205.0
178.0
210.5
309.0
224.5
184.0
262.5
156.0
146.5
145.0
337.0
392.5
223.0
144.0
174.0
231.5
268.0
287.0
247.5
239.0
327.0
318.0
154.5
239.0
230.5
156.0
338.0
144.0
230.5
338.0
197.5
241.0
160.5
213.5
247.5
236.5
241.0
172.0
145.0
205.0
248.0
287.0
236.5
392.5
392.0
338.0
248.0
287.0
236.5
392.5
392.0
338.0
318.0
327.0
241.0
350.0
337.0
268.0
318.0
327.0
241.0
350.0
337.0
268.0
318.0
327.0
241.0
350.0
337.0
268.0
306.0
367.0
295.0
370.0
382.5
295.0
306.0
367.0
295.0
370.0
382.5
262.0
252.0
249.0
269.5
370.0
382.5
295.0
252.0
249.0
269.5
370.0
382.5
295.0
278.5
273.0
294.5
284.5
306.0
285.0
278.5
273.0
294.5
284.5
306.0
285.0
279.0
300.5
273.5
317.5
333.5
305.0
279.0
300.5
273.5
317.5
333.5
305.0
312.0
286.0
300.5
306.0
367.0
295.0
312.0
286.0
300.5
306.0
367.0
295.0
233.0
300.5
312.0
286.0
290.5
236.0
273.0
284.5
312.0
295.0
203.5
269.5
317.5
285.0
286.0
278.5
370.0
295.0
262.0
300.5
367.0
260.0
273.5
312.0
252.0
278.5
249.0
243.0
279.0
269.5
262.0
294.5
271.0
273.0
295.0
286.0
305.0
306.0
236.0
284.5
300.5
367.0
370.0
203.5
306.0
312.0
285.0
290.5
317.5
273.5
236.0
260.0
333.5
295.0
382.5
312.0
295.0
264.0
233.0
252.0
300.5
284.5
273.5
306.0
317.5
203.5
285.0
252.0
273.0
300.5
317.5
382.5
260.0
305.0
312.0
236.0
262.0
233.0
294.5
249.0
269.5
243.0
300.5
370.0
367.0
306.0
285.0
279.0
273.0
333.5
290.5
295.0
264.0
286.0
236.0
271.0
279.0
278.5
300.5
306.0
382.5
262.0
269.5
233.0
306.0
285.0
236.0
203.5
284.5
260.0
243.0
271.0
367.0
333.5
370.0
382.5
312.0
290.5
295.0
305.0
264.0
236.0
278.5
317.5
295.0
294.5
273.5
286.0
252.0
273.0
249.0
300.5
306.0
243.0
312.0
305.0
264.0
271.0
382.5
306.0
271.0
312.0
317.5
269.5
286.0
243.0
262.0
236.0
312.0
203.5
300.5
295.0
300.5
284.5
285.0
305.0
333.5
312.0
294.5
233.0
278.5
306.0
279.0
290.5
370.0
273.5
273.0
264.0
295.0
236.0
252.0
249.0
260.0
367.0
271.0
269.5
284.5
333.5
286.0
300.5
305.0
317.5
243.0
367.0
290.5
273.5
382.5
278.5
203.5
264.0
306.0
260.0
312.0
294.5
295.0
285.0
312.0
236.0
278.5
367.0
295.0
269.5
262.0
370.0
295.0
273.0
233.0
300.5
252.0
306.0
249.0
370.0
236.0
279.0
262.0
285.0
367.0
382.5
243.0
295.0
286.0
284.5
306.0
295.0
333.5
260.0
262.0
273.0
300.5
236.0
236.0
317.5
306.0
264.0
233.0
273.5
300.5
312.0
269.5
278.5
203.5
305.0
294.5
271.0
370.0
252.0
312.0
279.0
295.0
249.0
290.5
233.0
262.0
264.0
284.5
295.0
269.5
300.5
203.5
312.0
273.0
236.0
305.0
278.5
273.5
203.5
295.0
306.0
333.5
249.0
333.5
236.0
370.0
252.0
279.0
317.5
285.0
300.5
260.0
243.0
271.0
290.5
249.0
312.0
286.0
294.5
306.0
367.0
382.5
264.0
285.0
306.0
273.5
262.0
286.0
269.5
260.0
370.0
233.0
305.0
295.0
271.0
300.5
278.5
300.5
243.0
252.0
312.0
312.0
333.5
284.5
317.5
203.5
367.0
279.0
273.0
382.5
294.5
273.5
249.0
306.0
236.0
306.0
295.0
284.5
252.0
290.5
236.0
312.0
262.0
236.0
260.0
290.5
294.5
284.5
279.0
305.0
269.5
273.5
295.0
236.0
279.0
278.5
333.5
285.0
290.5
300.5
382.5
367.0
233.0
317.5
203.5
271.0
249.0
370.0
306.0
273.0
312.0
243.0
236.0
264.0
286.0
300.5
306.0
260.0
294.5
243.0
249.0
236.0
295.0
236.0
382.5
300.5
294.5
264.0
252.0
367.0
305.0
262.0
290.5
317.5
269.5
285.0
306.0
306.0
273.0
278.5
233.0
295.0
284.5
203.5
333.5
300.5
312.0
370.0
286.0
306.0
271.0
312.0
236.0
252.0
382.5
271.0
279.0
260.0
312.0
295.0
273.5
300.5
306.0
279.0
294.5
243.0
233.0
236.0
264.0
333.5
300.5
305.0
249.0
284.5
306.0
285.0
370.0
382.5
295.0
284.5
306.0
285.0
370.0
382.5
295.0
306.0
367.0
295.0
317.5
333.5
305.0
306.0
367.0
295.0
317.5
333.5
305.0
368.5
296.5
290.0
330.5
369.0
367.5
368.5
296.5
290.0
330.5
369.0
367.5
368.5
296.5
290.0
330.5
369.0
367.5
278.0
280.0
272.0
388.0
375.0
339.0
278.0
280.0
272.0
388.0
375.0
339.0
321.0
346.0
324.0
330.5
369.0
367.5
321.0
346.0
324.0
330.5
369.0
367.5
249.0
293.0
277.0
368.5
296.5
290.0
249.0
293.0
277.0
368.5
296.5
290.0
322.0
322.0
280.0
363.0
327.0
262.0
322.0
322.0
280.0
363.0
327.0
262.0
231.0
368.5
232.0
280.0
312.0
280.0
258.0
322.0
293.0
258.0
226.0
306.0
285.0
322.0
280.0
321.0
249.0
312.0
346.0
290.0
277.0
232.0
324.0
241.0
290.0
305.0
241.0
257.0
330.5
236.0
258.0
214.0
231.0
240.0
231.0
250.0
290.0
291.0
262.0
258.0
243.0
305.0
232.0
261.0
231.0
388.0
289.0
293.0
293.0
369.0
193.0
306.0
368.5
322.0
280.0
280.0
249.0
272.0
258.0
339.0
301.0
226.0
321.0
278.0
193.0
280.0
262.0
272.0
324.0
301.0
280.0
258.0
214.0
207.0
327.0
367.5
296.5
363.0
375.0
240.0
305.0
262.0
175.0
322.0
257.0
232.0
249.0
369.0
232.0
322.0
236.0
193.0
261.0
277.0
258.0
231.0
306.0
290.0
312.0
339.0
290.0
301.0
330.5
214.0
258.0
388.0
293.0
305.0
250.0
193.0
241.0
346.0
280.0
324.0
291.0
241.0
175.0
231.0
363.0
249.0
272.0
278.0
327.0
214.0
258.0
285.0
289.0
368.5
231.0
226.0
280.0
207.0
291.0
346.0
388.0
369.0
327.0
322.0
280.0
321.0
296.5
290.0
293.0
367.5
375.0
257.0
324.0
243.0
280.0
232.0
293.0
231.0
258.0
363.0
301.0
322.0
193.0
305.0
232.0
305.0
322.0
327.0
368.5
231.0
280.0
280.0
388.0
258.0
214.0
293.0
278.0
339.0
330.5
262.0
258.0
369.0
296.5
312.0
175.0
289.0
346.0
280.0
375.0
236.0
249.0
290.0
261.0
241.0
207.0
285.0
290.0
321.0
241.0
250.0
226.0
280.0
291.0
214.0
241.0
290.0
375.0
285.0
293.0
289.0
249.0
243.0
240.0
290.0
277.0
193.0
306.0
367.5
305.0
232.0
231.0
272.0
280.0
280.0
280.0
214.0
257.0
369.0
321.0
236.0
388.0
339.0
322.0
363.0
175.0
214.0
258.0
324.0
312.0
368.5
207.0
249.0
278.0
293.0
280.0
346.0
327.0
330.5
290.0
277.0
262.0
226.0
296.5
243.0
293.0
232.0
250.0
272.0
261.0
290.0
249.0
291.0
258.0
306.0
240.0
258.0
301.0
375.0
289.0
367.5
231.0
296.5
278.0
305.0
290.0
243.0
290.0
231.0
285.0
193.0
231.0
193.0
322.0
305.0
293.0
241.0
241.0
231.0
257.0
226.0
232.0
369.0
321.0
249.0
258.0
258.0
305.0
280.0
346.0
290.0
293.0
367.5
312.0
261.0
262.0
280.0
322.0
272.0
290.0
214.0
375.0
277.0
280.0
388.0
240.0
231.0
278.0
241.0
249.0
339.0
243.0
207.0
193.0
368.5
301.0
285.0
193.0
305.0
296.5
232.0
231.0
258.0
291.0
330.5
324.0
175.0
231.0
277.0
249.0
305.0
363.0
241.0
363.0
289.0
280.0
241.0
214.0
290.0
231.0
322.0
306.0
250.0
327.0
236.0
231.0
232.0
280.0
278.0
261.0
375.0
193.0
258.0
257.0
241.0
388.0
262.0
240.0
369.0
339.0
324.0
305.0
305.0
322.0
301.0
312.0
207.0
291.0
214.0
277.0
306.0
236.0
214.0
280.0
289.0
241.0
327.0
293.0
175.0
280.0
243.0
322.0
321.0
280.0
193.0
258.0
258.0
367.5
285.0
330.5
249.0
346.0
368.5
236.0
280.0
232.0
330.5
207.0
240.0
249.0
272.0
296.5
226.0
231.0
231.0
232.0
250.0
290.0
290.0
290.0
363.0
243.0
301.0
369.0
293.0
236.0
231.0
305.0
306.0
207.0
258.0
375.0
388.0
368.5
241.0
257.0
258.0
327.0
261.0
289.0
280.0
330.5
322.0
193.0
272.0
312.0
249.0
258.0
249.0
305.0
250.0
280.0
363.0
293.0
293.0
240.0
193.0
290.0
280.0
322.0
296.5
175.0
280.0
232.0
339.0
214.0
277.0
285.0
291.0
257.0
339.0
175.0
250.0
193.0
367.5
324.0
367.5
231.0
226.0
278.0
290.0
262.0
231.0
214.0
321.0
232.0
346.0
290.0
272.0
369.0
241.0
240.0
258.0
280.0
261.0
330.5
327.0
249.0
301.0
175.0
293.0
250.0
388.0
232.0
277.0
280.0
305.0
226.0
243.0
241.0
193.0
363.0
262.0
285.0
231.0
306.0
280.0
278.0
289.0
290.0
257.0
293.0
291.0
249.0
324.0
290.0
322.0
322.0
231.0
312.0
236.0
258.0
367.5
232.0
193.0
193.0
214.0
214.0
290.0
249.0
261.0
305.0
214.0
346.0
368.5
290.0
321.0
339.0
375.0
280.0
296.5
241.0
214.0
258.0
277.0
369.0
207.0
231.0
257.0
330.5
369.0
367.5
388.0
375.0
339.0
330.5
369.0
367.5
388.0
375.0
339.0
363.0
327.0
262.0
368.5
296.5
290.0
363.0
327.0
262.0
368.5
296.5
290.0
320.0
351.0
239.5
376.0
392.0
339.5
320.0
351.0
239.5
376.0
392.0
339.5
217.5
238.5
196.0
376.0
392.0
339.5
217.5
238.5
196.0
376.0
392.0
339.5
335.5
268.0
242.5
233.5
317.5
191.0
335.5
268.0
242.5
233.5
317.5
191.0
225.0
275.0
226.5
320.0
351.0
239.5
225.0
275.0
226.5
320.0
351.0
239.5
271.0
283.0
271.0
254.0
292.0
221.0
271.0
283.0
271.0
254.0
292.0
221.0
271.0
283.0
271.0
254.0
292.0
221.0
225.0
317.5
241.0
194.0
171.0
271.0
191.0
335.5
155.5
233.5
317.5
275.0
158.5
241.0
268.0
179.5
194.0
114.5
217.5
196.0
254.0
320.0
271.0
199.0
239.5
225.0
233.5
339.5
242.5
275.0
158.5
155.5
194.0
241.0
207.5
376.0
171.0
217.5
179.5
268.0
292.0
254.0
335.5
199.0
238.5
221.0
226.5
339.5
242.5
239.0
114.5
191.0
196.0
317.5
351.0
271.0
239.5
283.0
320.0
194.0
174.0
238.5
217.5
392.0
271.0
242.5
283.0
376.0
351.0
174.0
199.0
242.5
207.5
292.0
196.0
239.0
376.0
317.5
271.0
191.0
275.0
239.5
241.0
194.0
155.5
114.5
271.0
254.0
242.5
335.5
392.0
158.5
320.0
339.5
171.0
199.0
233.5
268.0
351.0
225.0
283.0
174.0
226.5
194.0
317.5
179.5
221.0
271.0
339.5
254.0
114.5
376.0
271.0
238.5
320.0
242.5
225.0
292.0
191.0
283.0
179.5
199.0
207.5
239.0
392.0
233.5
268.0
239.5
242.5
221.0
158.5
171.0
221.0
392.0
254.0
191.0
194.0
207.5
217.5
351.0
226.5
241.0
155.5
275.0
194.0
174.0
254.0
335.5
196.0
194.0
292.0
171.0
271.0
199.0
233.5
158.5
268.0
155.5
221.0
376.0
217.5
242.5
239.5
114.5
335.5
174.0
241.0
179.5
392.0
226.5
191.0
271.0
351.0
196.0
194.0
207.5
339.5
283.0
275.0
242.5
194.0
320.0
317.5
238.5
225.0
239.0
191.0
233.5
174.0
158.5
226.5
292.0
376.0
335.5
339.5
217.5
207.5
268.0
268.0
275.0
239.0
114.5
158.5
242.5
275.0
271.0
238.5
239.0
239.5
155.5
194.0
392.0
283.0
317.5
242.5
199.0
225.0
242.5
196.0
254.0
171.0
241.0
271.0
114.5
194.0
351.0
221.0
320.0
194.0
376.0
271.0
179.5
339.5
191.0
207.5
239.5
158.5
225.0
217.5
335.5
271.0
268.0
392.0
226.5
238.5
242.5
233.5
221.0
283.0
196.0
239.0
241.0
254.0
199.0
351.0
114.5
317.5
292.0
171.0
155.5
174.0
275.0
179.5
194.0
339.5
292.0
238.5
239.5
226.5
196.0
242.5
191.0
241.0
320.0
239.5
376.0
221.0
194.0
217.5
196.0
114.5
283.0
199.0
292.0
239.0
155.5
179.5
225.0
174.0
275.0
226.5
317.5
339.5
271.0
158.5
335.5
194.0
238.5
392.0
351.0
242.5
207.5
233.5
271.0
268.0
320.0
226.5
171.0
239.0
242.5
254.0
239.5
241.0
221.0
114.5
155.5
339.5
392.0
199.0
194.0
225.0
376.0
268.0
191.0
194.0
242.5
171.0
335.5
233.5
292.0
335.5
179.5
320.0
233.5
271.0
155.5
317.5
271.0
207.5
196.0
174.0
271.0
238.5
254.0
320.0
217.5
283.0
158.5
242.5
179.5
376.0
275.0
351.0
335.5
199.0
241.0
226.5
207.5
225.0
271.0
171.0
239.5
191.0
114.5
174.0
392.0
292.0
275.0
221.0
271.0
254.0
158.5
196.0
339.5
268.0
242.5
351.0
155.5
239.0
283.0
179.5
238.5
194.0
194.0
317.5
242.5
221.0
320.0
217.5
233.5
271.0
174.0
239.5
155.5
376.0
199.0
242.5
239.0
174.0
242.5
194.0
217.5
194.0
196.0
392.0
275.0
158.5
225.0
226.5
233.5
179.5
114.5
191.0
217.5
351.0
242.5
339.5
254.0
239.0
194.0
241.0
320.0
292.0
317.5
238.5
268.0
271.0
283.0
242.5
171.0
335.5
207.5
351.0
225.0
171.0
207.5
238.5
221.0
392.0
292.0
376.0
283.0
271.0
226.5
335.5
268.0
242.5
376.0
392.0
339.5
335.5
268.0
242.5
376.0
392.0
339.5
271.0
283.0
271.0
320.0
351.0
239.5
271.0
283.0
271.0
320.0
351.0
239.5
370.0
367.0
301.0
393.0
440.0
262.0
370.0
367.0
301.0
393.0
440.0
262.0
307.0
252.0
194.0
393.0
440.0
262.0
307.0
252.0
194.0
393.0
440.0
262.0
272.5
290.0
226.0
247.5
246.5
260.0
272.5
290.0
226.0
247.5
246.5
260.0
272.5
290.0
226.0
247.5
246.5
260.0
261.0
270.0
246.0
370.0
367.0
301.0
261.0
270.0
246.0
370.0
367.0
301.0
296.5
301.5
231.5
315.5
313.5
269.0
296.5
301.5
231.5
315.5
313.5
269.0
296.5
301.5
231.5
315.5
313.5
269.0
246.5
177.0
129.0
291.0
296.5
295.0
170.0
262.0
217.0
194.0
261.0
261.0
203.0
246.5
223.0
238.0
238.0
134.0
122.0
226.0
224.0
272.5
185.0
291.0
170.0
108.0
243.0
208.0
203.0
367.0
440.0
150.0
212.0
241.0
301.0
393.0
252.0
253.0
315.5
301.5
261.0
295.0
292.0
219.0
220.0
203.0
269.0
307.0
291.0
260.0
313.5
129.0
217.0
261.0
201.0
296.5
194.0
246.0
370.0
247.5
296.0
290.0
262.0
231.5
170.0
220.0
252.0
272.5
370.0
243.0
150.0
102.0
270.0
203.0
177.0
102.0
240.0
131.0
253.0
301.5
170.0
223.0
301.0
272.5
238.0
315.5
241.0
203.0
292.0
129.0
261.0
134.0
219.0
208.0
226.0
261.0
231.5
185.0
296.0
246.5
194.0
370.0
247.5
224.0
270.0
220.0
367.0
313.5
240.0
243.0
238.0
217.0
220.0
307.0
269.0
203.0
203.0
212.0
262.0
295.0
203.0
440.0
201.0
260.0
122.0
102.0
393.0
291.0
150.0
177.0
290.0
296.5
307.0
246.0
270.0
226.0
260.0
238.0
246.0
291.0
131.0
108.0
252.0
170.0
194.0
301.0
240.0
313.5
243.0
208.0
253.0
134.0
129.0
307.0
370.0
296.0
247.5
295.0
231.5
224.0
238.0
203.0
260.0
261.0
203.0
246.5
220.0
393.0
270.0
223.0
185.0
241.0
252.0
261.0
219.0
440.0
203.0
296.5
315.5
170.0
102.0
220.0
292.0
291.0
367.0
301.5
212.0
272.5
246.0
291.0
238.0
290.0
150.0
226.0
108.0
262.0
122.0
269.0
220.0
134.0
223.0
224.0
108.0
212.0
217.0
177.0
131.0
170.0
201.0
203.0
247.5
307.0
252.0
203.0
231.5
301.0
367.0
296.5
261.0
185.0
240.0
238.0
292.0
295.0
243.0
134.0
270.0
291.0
129.0
102.0
194.0
224.0
393.0
269.0
177.0
296.0
440.0
220.0
108.0
272.5
122.0
170.0
246.0
261.0
220.0
315.5
238.0
208.0
203.0
150.0
201.0
170.0
219.0
241.0
246.5
131.0
262.0
253.0
290.0
370.0
291.0
217.0
223.0
260.0
367.0
203.0
290.0
301.0
203.0
203.0
203.0
212.0
203.0
301.5
313.5
226.0
269.0
367.0
247.5
261.0
177.0
134.0
170.0
240.0
122.0
301.0
224.0
292.0
307.0
208.0
201.0
315.5
270.0
393.0
108.0
241.0
194.0
295.0
272.5
260.0
220.0
203.0
226.0
131.0
291.0
223.0
185.0
203.0
102.0
246.0
203.0
217.0
291.0
296.0
150.0
219.0
313.5
212.0
238.0
220.0
262.0
370.0
301.5
238.0
296.5
261.0
231.5
203.0
243.0
253.0
440.0
238.0
292.0
253.0
185.0
247.5
170.0
129.0
252.0
290.0
246.5
440.0
170.0
203.0
269.0
272.5
247.5
220.0
261.0
313.5
185.0
295.0
131.0
307.0
226.0
291.0
315.5
238.0
194.0
367.0
393.0
261.0
108.0
203.0
203.0
370.0
240.0
231.5
220.0
223.0
129.0
150.0
270.0
238.0
217.0
122.0
212.0
253.0
134.0
291.0
241.0
296.5
170.0
301.0
208.0
246.5
246.0
203.0
102.0
440.0
290.0
301.5
243.0
201.0
219.0
224.0
241.0
220.0
291.0
203.0
122.0
208.0
296.0
292.0
260.0
262.0
252.0
177.0
261.0
150.0
203.0
220.0
129.0
270.0
370.0
295.0
240.0
226.0
170.0
170.0
131.0
203.0
194.0
220.0
307.0
291.0
185.0
269.0
208.0
313.5
253.0
290.0
261.0
212.0
201.0
367.0
292.0
246.5
203.0
224.0
296.5
260.0
238.0
252.0
315.5
217.0
272.5
262.0
134.0
203.0
301.5
231.5
177.0
440.0
241.0
246.0
291.0
238.0
301.0
108.0
102.0
219.0
201.0
393.0
313.5
231.5
219.0
170.0
223.0
393.0
122.0
243.0
296.0
247.5
295.0
253.0
226.0
220.0
201.0
220.0
150.0
290.0
224.0
315.5
307.0
246.5
272.5
208.0
231.5
292.0
217.0
296.5
291.0
261.0
291.0
240.0
440.0
203.0
129.0
247.5
219.0
203.0
270.0
108.0
313.5
223.0
262.0
102.0
246.0
367.0
370.0
301.0
122.0
261.0
131.0
238.0
203.0
194.0
252.0
177.0
170.0
212.0
243.0
269.0
238.0
296.0
203.0
241.0
240.0
315.5
301.5
269.0
131.0
296.0
393.0
260.0
301.5
134.0
170.0
185.0
272.5
290.0
226.0
393.0
440.0
262.0
272.5
290.0
226.0
393.0
440.0
262.0
315.5
313.5
269.0
370.0
367.0
301.0
315.5
313.5
269.0
370.0
367.0
301.0
322.0
319.0
281.0
370.0
393.0
314.0
322.0
319.0
281.0
370.0
393.0
314.0
265.0
265.0
232.0
370.0
393.0
314.0
265.0
265.0
232.0
370.0
393.0
314.0
338.0
336.0
241.0
298.0
305.0
242.0
338.0
336.0
241.0
298.0
305.0
242.0
272.0
303.0
223.0
360.0
372.0
294.0
272.0
303.0
223.0
360.0
372.0
294.0
278.0
263.0
259.0
322.0
319.0
281.0
278.0
263.0
259.0
322.0
319.0
281.0
265.0
372.0
272.0
294.0
336.0
370.0
322.0
251.0
278.0
221.0
241.0
336.0
217.0
294.0
263.0
226.0
189.0
250.0
272.0
257.0
223.0
208.0
193.0
242.0
393.0
291.0
206.0
370.0
251.0
205.0
170.0
198.0
251.0
319.0
303.0
314.0
259.0
248.0
198.0
265.0
298.0
217.0
265.0
208.0
338.0
281.0
221.0
168.0
232.0
120.0
360.0
305.0
192.0
372.0
228.0
206.0
294.0
242.0
278.0
314.0
265.0
208.0
189.0
319.0
291.0
198.0
263.0
241.0
250.0
305.0
242.0
232.0
251.0
221.0
257.0
168.0
223.0
217.0
248.0
226.0
298.0
232.0
322.0
372.0
198.0
221.0
303.0
242.0
205.0
242.0
251.0
265.0
251.0
263.0
305.0
360.0
217.0
228.0
281.0
193.0
393.0
250.0
205.0
192.0
259.0
208.0
263.0
272.0
170.0
241.0
370.0
120.0
336.0
338.0
303.0
265.0
322.0
232.0
251.0
208.0
294.0
372.0
298.0
257.0
263.0
393.0
281.0
208.0
189.0
221.0
314.0
223.0
221.0
205.0
193.0
189.0
322.0
198.0
120.0
272.0
205.0
338.0
226.0
217.0
192.0
319.0
251.0
241.0
221.0
206.0
242.0
198.0
217.0
360.0
278.0
370.0
193.0
263.0
259.0
198.0
170.0
265.0
228.0
242.0
291.0
168.0
248.0
251.0
250.0
305.0
223.0
205.0
336.0
393.0
189.0
338.0
241.0
360.0
217.0
251.0
226.0
257.0
314.0
370.0
265.0
192.0
272.0
232.0
248.0
265.0
221.0
221.0
336.0
303.0
242.0
298.0
259.0
206.0
221.0
228.0
360.0
170.0
298.0
291.0
193.0
170.0
208.0
208.0
251.0
305.0
250.0
319.0
322.0
278.0
168.0
205.0
281.0
291.0
263.0
294.0
120.0
263.0
372.0
228.0
251.0
198.0
217.0
198.0
205.0
360.0
241.0
242.0
272.0
193.0
298.0
393.0
221.0
208.0
168.0
192.0
221.0
170.0
305.0
206.0
242.0
281.0
257.0
250.0
291.0
208.0
251.0
322.0
314.0
217.0
232.0
372.0
319.0
263.0
223.0
198.0
251.0
338.0
294.0
303.0
251.0
198.0
278.0
251.0
257.0
281.0
217.0
205.0
242.0
336.0
265.0
265.0
259.0
263.0
226.0
198.0
251.0
228.0
370.0
248.0
120.0
278.0
189.0
205.0
319.0
206.0
168.0
198.0
360.0
294.0
205.0
208.0
336.0
251.0
281.0
232.0
217.0
217.0
263.0
322.0
221.0
170.0
303.0
370.0
193.0
192.0
250.0
248.0
242.0
372.0
241.0
228.0
208.0
265.0
278.0
265.0
226.0
291.0
223.0
205.0
263.0
298.0
198.0
251.0
272.0
251.0
393.0
217.0
319.0
248.0
263.0
303.0
259.0
338.0
242.0
189.0
305.0
257.0
221.0
314.0
208.0
120.0
393.0
198.0
336.0
360.0
319.0
226.0
193.0
221.0
281.0
198.0
294.0
217.0
241.0
248.0
372.0
242.0
223.0
250.0
259.0
170.0
305.0
298.0
168.0
314.0
205.0
189.0
208.0
370.0
221.0
263.0
263.0
228.0
251.0
206.0
205.0
257.0
232.0
217.0
322.0
242.0
251.0
192.0
120.0
265.0
338.0
278.0
272.0
393.0
251.0
265.0
208.0
226.0
208.0
206.0
242.0
217.0
291.0
205.0
221.0
303.0
217.0
372.0
248.0
189.0
336.0
263.0
198.0
208.0
263.0
370.0
242.0
223.0
322.0
298.0
205.0
232.0
170.0
251.0
294.0
251.0
217.0
193.0
192.0
291.0
259.0
278.0
360.0
314.0
265.0
241.0
208.0
257.0
393.0
251.0
338.0
242.0
319.0
226.0
303.0
281.0
305.0
272.0
168.0
228.0
198.0
265.0
120.0
206.0
250.0
221.0
168.0
251.0
120.0
265.0
223.0
259.0
314.0
192.0
263.0
205.0
338.0
205.0
338.0
336.0
241.0
370.0
393.0
314.0
338.0
336.0
241.0
370.0
393.0
314.0
322.0
319.0
281.0
360.0
372.0
294.0
322.0
319.0
281.0
360.0
372.0
294.0
267.0
259.0
259.0
262.5
265.5
257.0
267.0
259.0
259.0
262.5
265.5
257.0
267.0
259.0
259.0
262.5
265.5
257.0
267.0
259.0
259.0
262.5
265.5
257.0
94.0
169.0
167.5
262.5
265.5
257.0
94.0
169.0
167.5
262.5
265.5
257.0
94.0
169.0
167.5
262.5
265.5
257.0
163.0
195.5
145.0
250.0
250.0
228.5
163.0
195.5
145.0
250.0
250.0
228.5
163.0
195.5
145.0
250.0
250.0
228.5
159.0
194.0
137.5
306.0
219.0
189.0
159.0
194.0
137.5
306.0
219.0
189.0
218.0
242.0
217.0
267.0
259.0
259.0
218.0
242.0
217.0
267.0
259.0
259.0
218.0
242.0
217.0
267.0
259.0
259.0
167.5
306.0
242.0
250.0
195.5
145.0
189.0
163.0
128.0
159.0
250.0
265.5
137.5
262.5
167.5
267.0
306.0
219.0
194.0
145.0
250.0
94.0
228.5
169.0
242.0
267.0
137.5
259.0
218.0
217.0
257.0
94.0
159.0
265.5
219.0
259.0
259.0
128.0
228.5
262.5
189.0
218.0
169.0
194.0
163.0
217.0
267.0
137.5
219.0
257.0
259.0
128.0
242.0
250.0
217.0
167.5
94.0
228.5
137.5
189.0
163.0
259.0
250.0
195.5
169.0
262.5
250.0
265.5
218.0
306.0
159.0
194.0
267.0
259.0
195.5
145.0
217.0
257.0
163.0
195.5
145.0
262.5
265.5
257.0
163.0
195.5
145.0
262.5
265.5
257.0
267.0
259.0
259.0
306.0
219.0
189.0
267.0
259.0
259.0
306.0
219.0
189.0
